global_step,layer_id,comparison_type,rank1,rank2,server1,server2,cosine_similarity,rel_magnitude_diff,correlation,num_comparisons,num_nodes,error
0,14,intra_node,0,1,0,0,0.4967237710952759,0.2237610946226354,0.4965992867946625,,,
0,14,intra_node,0,2,0,0,0.6693105101585388,0.3523096625469654,0.6691067814826965,,,
0,14,intra_node,0,3,0,0,0.6790866851806641,0.7417179598134613,0.6789575815200806,,,
0,14,intra_node,1,2,0,0,0.6475542783737183,0.4972375614319605,0.6475001573562622,,,
0,14,intra_node,1,3,0,0,0.6096433401107788,0.6672647577990487,0.6095596551895142,,,
0,14,intra_node,2,3,0,0,0.8446888327598572,0.8327132182335225,0.8446468114852905,,,
0,14,intra_node,4,5,1,1,-0.7557510137557983,0.9410919055882055,-0.7558265328407288,,,
0,14,intra_node,4,6,1,1,-0.7192650437355042,0.9522066652273603,-0.7192821502685547,,,
0,14,intra_node,4,7,1,1,0.7287802696228027,0.8078533220598121,0.7290009260177612,,,
0,14,intra_node,5,6,1,1,0.6378213167190552,0.18867966703281175,0.6377250552177429,,,
0,14,intra_node,5,7,1,1,-0.6440868377685547,0.693421218397897,-0.643892765045166,,,
0,14,intra_node,6,7,1,1,-0.5632100701332092,0.751266400829907,-0.5630912780761719,,,
0,14,intra_node,8,9,2,2,-0.5916020274162292,0.8365862494789598,-0.5916404724121094,,,
0,14,intra_node,8,10,2,2,0.8281644582748413,0.6934149944844095,0.8281554579734802,,,
0,14,intra_node,8,11,2,2,-0.6380888223648071,0.8204018513387964,-0.6380853652954102,,,
0,14,intra_node,9,10,2,2,-0.6065280437469482,0.9498997943951836,-0.6065473556518555,,,
0,14,intra_node,9,11,2,2,0.6438227295875549,0.0901145043020118,0.6436671614646912,,,
0,14,intra_node,10,11,2,2,-0.7351426482200623,0.944937900602115,-0.7351437211036682,,,
0,14,intra_node,12,13,3,3,0.49311256408691406,0.3473574170958087,0.49310752749443054,,,
0,14,intra_node,12,14,3,3,0.8542123436927795,0.042130213792053846,0.8542120456695557,,,
0,14,intra_node,12,15,3,3,0.6690208911895752,0.05821320937752134,0.6691510081291199,,,
0,14,intra_node,13,14,3,3,0.5536144971847534,0.3186520837159931,0.553557276725769,,,
0,14,intra_node,13,15,3,3,0.5800172090530396,0.38534983642309667,0.5798001289367676,,,
0,14,intra_node,14,15,3,3,0.666882336139679,0.09789088821297862,0.6669121980667114,,,
0,14,inter_node,0,4,0,1,0.6575666666030884,0.7980998240709282,0.6576421856880188,,,
0,14,inter_node,0,8,0,2,0.5304180979728699,0.3422969595791596,0.5304111242294312,,,
0,14,inter_node,0,12,0,3,-0.6658804416656494,0.7405231574777568,-0.665939211845398,,,
0,14,inter_node,4,8,1,2,0.7228178381919861,0.6930222858634146,0.722811222076416,,,
0,14,inter_node,4,12,1,3,-0.7637617588043213,0.947611579845239,-0.7637563347816467,,,
0,14,inter_node,8,12,2,3,-0.7467069029808044,0.829341291754321,-0.7466979622840881,,,
0,14,inter_node,1,5,0,1,-0.6562241911888123,0.773518004560126,-0.6561523675918579,,,
0,14,inter_node,1,9,0,2,-0.5641067624092102,0.8071346747205297,-0.5640096068382263,,,
0,14,inter_node,1,13,0,3,-0.5748265385627747,0.6913838822561031,-0.574731171131134,,,
0,14,inter_node,5,9,1,2,0.6535404920578003,0.14842976853463907,0.6533616185188293,,,
0,14,inter_node,5,13,1,3,0.5122328996658325,0.26613685281395894,0.5120327472686768,,,
0,14,inter_node,9,13,2,3,0.5475444793701172,0.3750639898868848,0.5473181009292603,,,
0,14,inter_node,2,6,0,1,-0.6534304618835449,0.6345203343457713,-0.6533495783805847,,,
0,14,inter_node,2,10,0,2,0.7374509572982788,0.8693984960430889,0.7375369071960449,,,
0,14,inter_node,2,14,0,3,-0.6937863826751709,0.5817608225559453,-0.6938192844390869,,,
0,14,inter_node,6,10,1,2,-0.903590738773346,0.9522678059998887,-0.9035980701446533,,,
0,14,inter_node,6,14,1,3,0.9164863228797913,0.12614674720873864,0.9164852499961853,,,
0,14,inter_node,10,14,2,3,-0.9215591549873352,0.945377334412105,-0.9215542674064636,,,
0,14,inter_node,3,7,0,1,0.7344580888748169,0.7541951820245465,0.7343646883964539,,,
0,14,inter_node,3,11,0,2,-0.7815995812416077,0.9294712455331519,-0.7815248370170593,,,
0,14,inter_node,3,15,0,3,-0.758163571357727,0.9368831367221939,-0.7580759525299072,,,
0,14,inter_node,7,11,1,2,-0.6544396877288818,0.7130700893182197,-0.6542909741401672,,,
0,14,inter_node,7,15,1,3,-0.6654508113861084,0.743223652824783,-0.6651508212089539,,,
0,14,inter_node,11,15,2,3,0.6263866424560547,0.10509034570468694,0.6262192130088806,,,
0,14,cluster_edge,0,15,0,3,-0.651307225227356,0.7556281372401222,-0.6510876417160034,,,
0,14,cluster_edge,1,14,0,3,-0.7677847743034363,0.7897250512435361,-0.7677599787712097,,,
0,14,cluster_edge,2,13,0,3,-0.5839757919311523,0.38615915973577347,-0.5837641954421997,,,
0,14,cluster_edge,3,12,0,3,-0.7545221447944641,0.9329817917321938,-0.7545607686042786,,,
0,14,global_diversity,-1,-1,-1,-1,-0.05399924889206886,0.5877800583839417,-0.05399492010474205,120,4,
1,14,intra_node,0,1,0,0,0.7622050046920776,0.5091132231890172,0.7620901465415955,,,
1,14,intra_node,0,2,0,0,0.639228343963623,0.2945532251212084,0.6392084956169128,,,
1,14,intra_node,0,3,0,0,0.5081939697265625,0.42623134468812524,0.507969856262207,,,
1,14,intra_node,1,2,0,0,0.7444798946380615,0.30414767734202786,0.7444853782653809,,,
1,14,intra_node,1,3,0,0,0.5889133214950562,0.1444517363114602,0.5887324810028076,,,
1,14,intra_node,2,3,0,0,0.5648104548454285,0.1866591843013833,0.5647632479667664,,,
1,14,intra_node,4,5,1,1,0.7315746545791626,0.4578746312215782,0.7316177487373352,,,
1,14,intra_node,4,6,1,1,0.8043649196624756,0.695026449573393,0.8043243288993835,,,
1,14,intra_node,4,7,1,1,-0.8363878726959229,0.6551193111676592,-0.8363492488861084,,,
1,14,intra_node,5,6,1,1,0.7220224142074585,0.4374482951908193,0.7221541404724121,,,
1,14,intra_node,5,7,1,1,-0.7381638884544373,0.8130314293822111,-0.7382177114486694,,,
1,14,intra_node,6,7,1,1,-0.8555419445037842,0.8948205118532272,-0.8555095791816711,,,
1,14,intra_node,8,9,2,2,-0.7979350090026855,0.5325235145115799,-0.7979880571365356,,,
1,14,intra_node,8,10,2,2,0.8254379034042358,0.35726323377773483,0.8254731297492981,,,
1,14,intra_node,8,11,2,2,-0.7155804634094238,0.46701246432546717,-0.7157882452011108,,,
1,14,intra_node,9,10,2,2,-0.7117027044296265,0.6995356754322232,-0.7116617560386658,,,
1,14,intra_node,9,11,2,2,0.6156242489814758,0.12291291221886443,0.615538477897644,,,
1,14,intra_node,10,11,2,2,-0.6333412528038025,0.6574293148837765,-0.6333065629005432,,,
1,14,intra_node,12,13,3,3,0.6591345071792603,0.6564651165065982,0.6591565608978271,,,
1,14,intra_node,12,14,3,3,-0.8672487139701843,0.9197269952729652,-0.867318332195282,,,
1,14,intra_node,12,15,3,3,0.4565887451171875,0.24543224724864113,0.45663490891456604,,,
1,14,intra_node,13,14,3,3,-0.7872483730316162,0.7663323039839806,-0.7872216701507568,,,
1,14,intra_node,13,15,3,3,0.48851853609085083,0.740779654970684,0.48843449354171753,,,
1,14,intra_node,14,15,3,3,-0.4878878891468048,0.9394285792165221,-0.48775941133499146,,,
1,14,inter_node,0,4,0,1,-0.6360992193222046,0.8094379218719027,-0.635994553565979,,,
1,14,inter_node,0,8,0,2,-0.5717597603797913,0.7440446535281952,-0.5718697905540466,,,
1,14,inter_node,0,12,0,3,-0.7079517841339111,0.9560181499102829,-0.7080965042114258,,,
1,14,inter_node,4,8,1,2,0.770115315914154,0.25548701851754835,0.7701801657676697,,,
1,14,inter_node,4,12,1,3,0.7498306632041931,0.7691993573865615,0.7498937249183655,,,
1,14,inter_node,8,12,2,3,0.8193626403808594,0.8281659254398032,0.8193623423576355,,,
1,14,inter_node,1,5,0,1,-0.5043909549713135,0.7895471180716762,-0.5044493675231934,,,
1,14,inter_node,1,9,0,2,0.5658255219459534,0.10344507993461585,0.5657177567481995,,,
1,14,inter_node,1,13,0,3,-0.5501992702484131,0.7391917546580519,-0.550129234790802,,,
1,14,inter_node,5,9,1,2,-0.768999457359314,0.8113174332652219,-0.7690346837043762,,,
1,14,inter_node,5,13,1,3,0.7538015842437744,0.1930742770329325,0.7538172602653503,,,
1,14,inter_node,9,13,2,3,-0.8430210947990417,0.7661710844450565,-0.8430023789405823,,,
1,14,inter_node,2,6,0,1,-0.6547030210494995,0.9176176068656863,-0.6546925902366638,,,
1,14,inter_node,2,10,0,2,-0.7843360900878906,0.7667975564607926,-0.7843152284622192,,,
1,14,inter_node,2,14,0,3,0.7485133409500122,0.22332429178784308,0.748490035533905,,,
1,14,inter_node,6,10,1,2,0.8046444058418274,0.6467344343222411,0.804652750492096,,,
1,14,inter_node,6,14,1,3,-0.8907963633537292,0.8939294840005346,-0.8907947540283203,,,
1,14,inter_node,10,14,2,3,-0.8566812872886658,0.6997428385187686,-0.8566633462905884,,,
1,14,inter_node,3,7,0,1,0.8324649333953857,0.03699002924882052,0.8324175477027893,,,
1,14,inter_node,3,11,0,2,0.6265679597854614,0.16302914828679563,0.6263784766197205,,,
1,14,inter_node,3,15,0,3,-0.48356419801712036,0.9421591167854823,-0.48337775468826294,,,
1,14,inter_node,7,11,1,2,0.6999329328536987,0.1308803884342552,0.6998415589332581,,,
1,14,inter_node,7,15,1,3,-0.5254012942314148,0.9399373994337775,-0.525265634059906,,,
1,14,inter_node,11,15,2,3,-0.5608441233634949,0.930892595487498,-0.5606585144996643,,,
1,14,cluster_edge,0,15,0,3,-0.4279288053512573,0.9668127142159549,-0.42770472168922424,,,
1,14,cluster_edge,1,14,0,3,0.7604891061782837,0.10406323347003281,0.7604343295097351,,,
1,14,cluster_edge,2,13,0,3,-0.5168421268463135,0.8185159767104552,-0.5167950391769409,,,
1,14,cluster_edge,3,12,0,3,-0.7378798723220825,0.9233456730643284,-0.7380039095878601,,,
1,14,global_diversity,-1,-1,-1,-1,-0.04771246388554573,0.5935187935829163,-0.0477227121591568,120,4,
2,14,intra_node,0,1,0,0,0.7619757652282715,0.18305565653036718,0.7619467377662659,,,
2,14,intra_node,0,2,0,0,-0.8319429755210876,0.7426678199901242,-0.8319243788719177,,,
2,14,intra_node,0,3,0,0,0.7128638029098511,0.10243492784852183,0.7128918766975403,,,
2,14,intra_node,1,2,0,0,-0.7009221315383911,0.7897739311482227,-0.7008795142173767,,,
2,14,intra_node,1,3,0,0,0.6899344325065613,0.08982159754567558,0.6899580359458923,,,
2,14,intra_node,2,3,0,0,-0.7274760007858276,0.7690276232825387,-0.7274003028869629,,,
2,14,intra_node,4,5,1,1,-0.8669079542160034,0.7086704678320647,-0.8669405579566956,,,
2,14,intra_node,4,6,1,1,0.48526161909103394,0.8868961299677441,0.4851381182670593,,,
2,14,intra_node,4,7,1,1,0.7709921598434448,0.14258592384960517,0.7709504961967468,,,
2,14,intra_node,5,6,1,1,-0.44853535294532776,0.6117665476939779,-0.4485369026660919,,,
2,14,intra_node,5,7,1,1,-0.789304256439209,0.750209958320903,-0.7893259525299072,,,
2,14,intra_node,6,7,1,1,0.4426722228527069,0.9030231497672591,0.4425426423549652,,,
2,14,intra_node,8,9,2,2,-0.5651981830596924,0.9751244273962641,-0.5650907754898071,,,
2,14,intra_node,8,10,2,2,0.7092515230178833,0.506941930831253,0.7091932892799377,,,
2,14,intra_node,8,11,2,2,0.5130476951599121,0.6320253885553757,0.512922465801239,,,
2,14,intra_node,9,10,2,2,-0.646652102470398,0.9495483916414268,-0.6464466452598572,,,
2,14,intra_node,9,11,2,2,-0.351498007774353,0.9323986714570406,-0.3511323630809784,,,
2,14,intra_node,10,11,2,2,0.5444831848144531,0.2536890998153677,0.5442550778388977,,,
2,14,intra_node,12,13,3,3,0.624004065990448,0.6305182549263036,0.624152660369873,,,
2,14,intra_node,12,14,3,3,-0.643073320388794,0.9770100603824708,-0.6433032751083374,,,
2,14,intra_node,12,15,3,3,0.713841438293457,0.8932287095305068,0.7138839960098267,,,
2,14,intra_node,13,14,3,3,-0.812741756439209,0.9377778742142089,-0.8124871253967285,,,
2,14,intra_node,13,15,3,3,0.6965935230255127,0.7110241794267894,0.696394681930542,,,
2,14,intra_node,14,15,3,3,-0.709057092666626,0.7846805118076395,-0.7088828086853027,,,
2,14,inter_node,0,4,0,1,0.8982852697372437,0.28759255039845755,0.8982727527618408,,,
2,14,inter_node,0,8,0,2,-0.6504872441291809,0.984561964544884,-0.6504359245300293,,,
2,14,inter_node,0,12,0,3,-0.8244722485542297,0.9722158371931349,-0.8244643211364746,,,
2,14,inter_node,4,8,1,2,-0.6557589769363403,0.9783297669560436,-0.6556954979896545,,,
2,14,inter_node,4,12,1,3,-0.8231475353240967,0.960999617813647,-0.8231472969055176,,,
2,14,inter_node,8,12,2,3,0.6242594122886658,0.4443584439657296,0.6242343187332153,,,
2,14,inter_node,1,5,0,1,-0.7022885680198669,0.8304470174555196,-0.7022912502288818,,,
2,14,inter_node,1,9,0,2,0.6217905282974243,0.49299596273628693,0.6217531561851501,,,
2,14,inter_node,1,13,0,3,-0.7021220326423645,0.9385676966568929,-0.7022163271903992,,,
2,14,inter_node,5,9,1,2,-0.6336843371391296,0.6655786343249785,-0.6337940096855164,,,
2,14,inter_node,5,13,1,3,0.65505450963974,0.6376807861401614,0.655322253704071,,,
2,14,inter_node,9,13,2,3,-0.5989522933959961,0.8788327136906926,-0.5986126065254211,,,
2,14,inter_node,2,6,0,1,-0.4592922627925873,0.6868792718164847,-0.45912790298461914,,,
2,14,inter_node,2,10,0,2,0.5969961881637573,0.878325417661312,0.5968512296676636,,,
2,14,inter_node,2,14,0,3,-0.7099959254264832,0.7870710979777161,-0.7099835872650146,,,
2,14,inter_node,6,10,1,2,-0.614933967590332,0.6114131982109584,-0.6147826313972473,,,
2,14,inter_node,6,14,1,3,0.6036297678947449,0.9333275471474661,0.6034862399101257,,,
2,14,inter_node,10,14,2,3,-0.6842238903045654,0.9740919647786032,-0.6840342283248901,,,
2,14,inter_node,3,7,0,1,0.6854838728904724,0.25423192633625563,0.6854523420333862,,,
2,14,inter_node,3,11,0,2,-0.5748029351234436,0.9623434851857067,-0.5745413899421692,,,
2,14,inter_node,3,15,0,3,-0.7220022678375244,0.7664344601928578,-0.721824586391449,,,
2,14,inter_node,7,11,1,2,-0.7018827199935913,0.9495063999866638,-0.7018212080001831,,,
2,14,inter_node,7,15,1,3,-0.8547415733337402,0.6868120960720377,-0.8547382950782776,,,
2,14,inter_node,11,15,2,3,0.6611815094947815,0.8387753825098224,0.6610090136528015,,,
2,14,cluster_edge,0,15,0,3,-0.8123111724853516,0.7397787112556844,-0.8123207688331604,,,
2,14,cluster_edge,1,14,0,3,0.7122830152511597,0.012693594645144652,0.7124490737915039,,,
2,14,cluster_edge,2,13,0,3,0.7068535089492798,0.7077798025780488,0.7067988514900208,,,
2,14,cluster_edge,3,12,0,3,-0.6208045482635498,0.9750619059055876,-0.6208811402320862,,,
2,14,global_diversity,-1,-1,-1,-1,-0.047463320195674896,0.6925752758979797,-0.04745429381728172,120,4,
3,14,intra_node,0,1,0,0,0.5933719873428345,0.37305466674860643,0.5933125019073486,,,
3,14,intra_node,0,2,0,0,-0.609528660774231,0.635709425225284,-0.6094717383384705,,,
3,14,intra_node,0,3,0,0,-0.49879589676856995,0.7304942881772291,-0.4986916482448578,,,
3,14,intra_node,1,2,0,0,-0.7364234924316406,0.7716097241975239,-0.7363870739936829,,,
3,14,intra_node,1,3,0,0,-0.7601274847984314,0.8310346516881189,-0.7600909471511841,,,
3,14,intra_node,2,3,0,0,0.8158231973648071,0.26019026984313776,0.8158000111579895,,,
3,14,intra_node,4,5,1,1,0.7815604209899902,0.05765763179051338,0.7815039753913879,,,
3,14,intra_node,4,6,1,1,0.5310232639312744,0.053327350867334825,0.530893862247467,,,
3,14,intra_node,4,7,1,1,-0.8696146607398987,0.7234172495182281,-0.869635283946991,,,
3,14,intra_node,5,6,1,1,0.586417019367218,0.00457421150504974,0.5862932801246643,,,
3,14,intra_node,5,7,1,1,-0.7458418011665344,0.7064944124211484,-0.7458508610725403,,,
3,14,intra_node,6,7,1,1,-0.5352497100830078,0.707836969056648,-0.535227358341217,,,
3,14,intra_node,8,9,2,2,-0.7183264493942261,0.7334651148641455,-0.7183167934417725,,,
3,14,intra_node,8,10,2,2,0.7190682291984558,0.41091453656706656,0.7190393209457397,,,
3,14,intra_node,8,11,2,2,0.7998923063278198,0.5234454598716398,0.7998696565628052,,,
3,14,intra_node,9,10,2,2,-0.6685800552368164,0.8429881736687015,-0.66860431432724,,,
3,14,intra_node,9,11,2,2,-0.7118715047836304,0.8729815903859175,-0.7118786573410034,,,
3,14,intra_node,10,11,2,2,0.6898553371429443,0.19102648136790215,0.689765453338623,,,
3,14,intra_node,12,13,3,3,0.7404858469963074,0.5783202329847799,0.7406052350997925,,,
3,14,intra_node,12,14,3,3,-0.6964624524116516,0.9193417864833687,-0.6965286135673523,,,
3,14,intra_node,12,15,3,3,-0.7686034440994263,0.9140875910688893,-0.7689749002456665,,,
3,14,intra_node,13,14,3,3,-0.6975648999214172,0.965988063316443,-0.6975366473197937,,,
3,14,intra_node,13,15,3,3,-0.8126229047775269,0.9637724754182129,-0.8126497268676758,,,
3,14,intra_node,14,15,3,3,0.8090595006942749,0.06115758456607336,0.8090938925743103,,,
3,14,inter_node,0,4,0,1,-0.6408489346504211,0.7506540715342792,-0.6407826542854309,,,
3,14,inter_node,0,8,0,2,0.7424085140228271,0.362358248669194,0.7423763275146484,,,
3,14,inter_node,0,12,0,3,-0.581195056438446,0.8750478636238787,-0.5811414122581482,,,
3,14,inter_node,4,8,1,2,-0.8450508117675781,0.6089560824000041,-0.8450359106063843,,,
3,14,inter_node,4,12,1,3,0.7438440322875977,0.49888038218639147,0.7438194155693054,,,
3,14,inter_node,8,12,2,3,-0.7496280074119568,0.8040402214639538,-0.7497187852859497,,,
3,14,inter_node,1,5,0,1,-0.6097119450569153,0.8341088425071561,-0.6096420884132385,,,
3,14,inter_node,1,9,0,2,-0.638398289680481,0.8934482764351852,-0.6383841633796692,,,
3,14,inter_node,1,13,0,3,-0.7089720964431763,0.9669663834569105,-0.7089430093765259,,,
3,14,inter_node,5,9,1,2,0.6303162574768066,0.357701006038184,0.6303166747093201,,,
3,14,inter_node,5,13,1,3,0.8361682891845703,0.8008717460150674,0.83616703748703,,,
3,14,inter_node,9,13,2,3,0.7337323427200317,0.6899757654037824,0.7337217926979065,,,
3,14,inter_node,2,6,0,1,0.5869115591049194,0.2769729986469771,0.5868355631828308,,,
3,14,inter_node,2,10,0,2,-0.6966263055801392,0.6634500773866663,-0.6965780854225159,,,
3,14,inter_node,2,14,0,3,-0.7757297158241272,0.7648457416219854,-0.7757031917572021,,,
3,14,inter_node,6,10,1,2,-0.5118926763534546,0.7566653186472895,-0.5117217898368835,,,
3,14,inter_node,6,14,1,3,-0.47188064455986023,0.8299771217095502,-0.47179627418518066,,,
3,14,inter_node,10,14,2,3,0.6172189116477966,0.30127971341658516,0.6171677112579346,,,
3,14,inter_node,3,7,0,1,-0.7194461226463318,0.7010553510732886,-0.7194576859474182,,,
3,14,inter_node,3,11,0,2,-0.8572662472724915,0.7985794212947706,-0.8572287559509277,,,
3,14,inter_node,3,15,0,3,-0.7791998386383057,0.8146979667983273,-0.7793092131614685,,,
3,14,inter_node,7,11,1,2,0.7839076519012451,0.32622785044528646,0.7839166522026062,,,
3,14,inter_node,7,15,1,3,0.8886546492576599,0.3801460107516394,0.888669490814209,,,
3,14,inter_node,11,15,2,3,0.7801210284233093,0.08002432327009455,0.7802032232284546,,,
3,14,cluster_edge,0,15,0,3,0.563317596912384,0.3124374546706129,0.5633503794670105,,,
3,14,cluster_edge,1,14,0,3,0.5700421929359436,0.028764023335972593,0.5699902176856995,,,
3,14,cluster_edge,2,13,0,3,0.8168771862983704,0.8553632967646193,0.8168601989746094,,,
3,14,cluster_edge,3,12,0,3,0.7634655237197876,0.5363655355167727,0.763407289981842,,,
3,14,global_diversity,-1,-1,-1,-1,-0.05186261236667633,0.5910285115242004,-0.05186553671956062,120,4,
4,14,intra_node,0,1,0,0,-0.6536059975624084,0.8177157156139987,-0.6536090970039368,,,
4,14,intra_node,0,2,0,0,0.6713317632675171,0.6849712523338733,0.6714197993278503,,,
4,14,intra_node,0,3,0,0,-0.6401206254959106,0.8272008327405941,-0.6401340961456299,,,
4,14,intra_node,1,2,0,0,-0.6355744004249573,0.42137253905732575,-0.6357101798057556,,,
4,14,intra_node,1,3,0,0,0.7414253950119019,0.052034749778592675,0.7414635419845581,,,
4,14,intra_node,2,3,0,0,-0.7236149311065674,0.4514812742025002,-0.7236222624778748,,,
4,14,intra_node,4,5,1,1,0.7020727396011353,0.5759462519204339,0.7021471261978149,,,
4,14,intra_node,4,6,1,1,0.7394160032272339,0.033775992029601354,0.7392541170120239,,,
4,14,intra_node,4,7,1,1,0.6619584560394287,0.4840712295876194,0.6617218852043152,,,
4,14,intra_node,5,6,1,1,0.8624616265296936,0.5611227369827915,0.8625641465187073,,,
4,14,intra_node,5,7,1,1,0.5947191715240479,0.7812184711645481,0.5947600603103638,,,
4,14,intra_node,6,7,1,1,0.5957368016242981,0.50149723562491,0.5954787135124207,,,
4,14,intra_node,8,9,2,2,-0.7536683678627014,0.67738810256293,-0.7536637783050537,,,
4,14,intra_node,8,10,2,2,0.5858045220375061,0.2921874596123006,0.5857846736907959,,,
4,14,intra_node,8,11,2,2,-0.9152430295944214,0.7076194530253684,-0.915240466594696,,,
4,14,intra_node,9,10,2,2,-0.4810967743396759,0.7716512533157716,-0.48104050755500793,,,
4,14,intra_node,9,11,2,2,0.7670828104019165,0.09370810779951311,0.7670708298683167,,,
4,14,intra_node,10,11,2,2,-0.5420621633529663,0.793049382285941,-0.5420318841934204,,,
4,14,intra_node,12,13,3,3,0.6274820566177368,0.5097820354221027,0.6274279356002808,,,
4,14,intra_node,12,14,3,3,0.5977352857589722,0.507933115770416,0.5976636409759521,,,
4,14,intra_node,12,15,3,3,0.8551340699195862,0.058330756996601646,0.8551145195960999,,,
4,14,intra_node,13,14,3,3,0.6218137145042419,0.0037574559697945427,0.6217472553253174,,,
4,14,intra_node,13,15,3,3,0.6603171229362488,0.5383768203892646,0.6602712273597717,,,
4,14,intra_node,14,15,3,3,0.6922154426574707,0.5366357496204868,0.6921678185462952,,,
4,14,inter_node,0,4,0,1,0.7203822135925293,0.019814202878276285,0.7206315994262695,,,
4,14,inter_node,0,8,0,2,-0.7463445067405701,0.8501837348020262,-0.7463585138320923,,,
4,14,inter_node,0,12,0,3,0.7399523854255676,0.2746479752946103,0.7400080561637878,,,
4,14,inter_node,4,8,1,2,-0.7201060056686401,0.8531522246751245,-0.7202093601226807,,,
4,14,inter_node,4,12,1,3,0.7664316892623901,0.28902024747029137,0.7664332389831543,,,
4,14,inter_node,8,12,2,3,-0.795994222164154,0.7934571627358131,-0.7959944009780884,,,
4,14,inter_node,1,5,0,1,-0.7378401756286621,0.5786560845109404,-0.7378847002983093,,,
4,14,inter_node,1,9,0,2,-0.6449087858200073,0.60747200058007,-0.6449928283691406,,,
4,14,inter_node,1,13,0,3,-0.6708241701126099,0.8768059813405245,-0.670914351940155,,,
4,14,inter_node,5,9,1,2,0.6876702308654785,0.06839048817325992,0.6876524686813354,,,
4,14,inter_node,5,13,1,3,0.6163781881332397,0.7076164763967635,0.6163537502288818,,,
4,14,inter_node,9,13,2,3,0.7450523972511292,0.6861522774387325,0.7450171113014221,,,
4,14,inter_node,2,6,0,1,0.7355628609657288,0.6804191351071865,0.7354845404624939,,,
4,14,inter_node,2,10,0,2,-0.4812180995941162,0.6633899856861311,-0.48114925622940063,,,
4,14,inter_node,2,14,0,3,0.7141163349151611,0.7862896786291041,0.7140458822250366,,,
4,14,inter_node,6,10,1,2,-0.6602028012275696,0.8924258804939914,-0.6601951718330383,,,
4,14,inter_node,6,14,1,3,0.6923128366470337,0.3312793572838798,0.6922255158424377,,,
4,14,inter_node,10,14,2,3,-0.5334845781326294,0.9280629656643212,-0.5334256291389465,,,
4,14,inter_node,3,7,0,1,-0.5989541411399841,0.9126144151489246,-0.599014401435852,,,
4,14,inter_node,3,11,0,2,-0.7907702326774597,0.6627661557755263,-0.7907615303993225,,,
4,14,inter_node,3,15,0,3,-0.774580717086792,0.7470151979309434,-0.7745751142501831,,,
4,14,inter_node,7,11,1,2,0.5317756533622742,0.7408754004153015,0.5317861437797546,,,
4,14,inter_node,7,15,1,3,0.6069015860557556,0.6545816818386508,0.6068558692932129,,,
4,14,inter_node,11,15,2,3,0.8680527210235596,0.24982380504887344,0.8680490851402283,,,
4,14,cluster_edge,0,15,0,3,0.7930669188499451,0.3169583079846934,0.7931188941001892,,,
4,14,cluster_edge,1,14,0,3,-0.6690976619720459,0.8763413393679156,-0.6692289710044861,,,
4,14,cluster_edge,2,13,0,3,0.6933157444000244,0.787092685751946,0.6932622194290161,,,
4,14,cluster_edge,3,12,0,3,-0.837912380695343,0.7617719929442669,-0.8379147052764893,,,
4,14,global_diversity,-1,-1,-1,-1,0.14747624099254608,0.5677428841590881,0.14745505154132843,120,4,
5,14,intra_node,0,1,0,0,-0.7845864295959473,0.8078846027356519,-0.7848182320594788,,,
5,14,intra_node,0,2,0,0,-0.663119912147522,0.7760347106805408,-0.6632327437400818,,,
5,14,intra_node,0,3,0,0,0.4841889441013336,0.9411281159792863,0.4842250943183899,,,
5,14,intra_node,1,2,0,0,0.7564315795898438,0.14220905459006689,0.7564001679420471,,,
5,14,intra_node,1,3,0,0,-0.7497134208679199,0.98868980461366,-0.7497604489326477,,,
5,14,intra_node,2,3,0,0,-0.6818535923957825,0.9868147414625192,-0.6818539500236511,,,
5,14,intra_node,4,5,1,1,-0.7401530146598816,0.6997296690806931,-0.7399858832359314,,,
5,14,intra_node,4,6,1,1,-0.5228620171546936,0.5642845246252864,-0.5225687623023987,,,
5,14,intra_node,4,7,1,1,-0.8782223463058472,0.4296613302629513,-0.8781846761703491,,,
5,14,intra_node,5,6,1,1,0.46215853095054626,0.3108568598324958,0.46176958084106445,,,
5,14,intra_node,5,7,1,1,0.7611993551254272,0.4735227561235769,0.7611156105995178,,,
5,14,intra_node,6,7,1,1,0.45149144530296326,0.23604079734660538,0.4512476921081543,,,
5,14,intra_node,8,9,2,2,-0.4235486090183258,0.8816585446970082,-0.42342695593833923,,,
5,14,intra_node,8,10,2,2,-0.5439160466194153,0.3470984013192234,-0.543817400932312,,,
5,14,intra_node,8,11,2,2,-0.4593716859817505,0.24927841496105305,-0.459189236164093,,,
5,14,intra_node,9,10,2,2,0.3908551037311554,0.8187453430316188,0.39072513580322266,,,
5,14,intra_node,9,11,2,2,0.753491222858429,0.8423630575416953,0.7534686923027039,,,
5,14,intra_node,10,11,2,2,0.4023292064666748,0.130301283868234,0.40211325883865356,,,
5,14,intra_node,12,13,3,3,-0.7592687010765076,0.8806922543589706,-0.7591590881347656,,,
5,14,intra_node,12,14,3,3,0.8195920586585999,0.1935628154142228,0.8195163011550903,,,
5,14,intra_node,12,15,3,3,0.8098392486572266,0.26211353269337867,0.8098979592323303,,,
5,14,intra_node,13,14,3,3,-0.6544583439826965,0.9037857975059722,-0.6542963981628418,,,
5,14,intra_node,13,15,3,3,-0.6231921315193176,0.9119644290466239,-0.6232272386550903,,,
5,14,intra_node,14,15,3,3,0.8364225625991821,0.08500441024971662,0.83649080991745,,,
5,14,inter_node,0,4,0,1,0.7872791886329651,0.4941075738464145,0.7876492142677307,,,
5,14,inter_node,0,8,0,2,-0.3538685739040375,0.7931285211240499,-0.35399383306503296,,,
5,14,inter_node,0,12,0,3,0.7818033695220947,0.07796151817123041,0.7820916175842285,,,
5,14,inter_node,4,8,1,2,-0.5305999517440796,0.591076149431924,-0.5304586291313171,,,
5,14,inter_node,4,12,1,3,0.8319104313850403,0.5335477154206751,0.8318343162536621,,,
5,14,inter_node,8,12,2,3,-0.44982898235321045,0.8092565356835465,-0.4496723711490631,,,
5,14,inter_node,1,5,0,1,0.6617648601531982,0.2093060297416471,0.6616345047950745,,,
5,14,inter_node,1,9,0,2,-0.7588356733322144,0.890099805821911,-0.7587782740592957,,,
5,14,inter_node,1,13,0,3,0.5334699153900146,0.3264692635041296,0.5332895517349243,,,
5,14,inter_node,5,9,1,2,-0.6660385727882385,0.9131025791331628,-0.66596519947052,,,
5,14,inter_node,5,13,1,3,0.6857502460479736,0.1481777250991307,0.6855571866035461,,,
5,14,inter_node,9,13,2,3,-0.5139809846878052,0.9259788412741925,-0.5138388276100159,,,
5,14,inter_node,2,6,0,1,0.5652967095375061,0.01580660280099501,0.5652340650558472,,,
5,14,inter_node,2,10,0,2,-0.5106441378593445,0.2931490786443194,-0.5105676651000977,,,
5,14,inter_node,2,14,0,3,-0.8476983308792114,0.8334669993960356,-0.8477028012275696,,,
5,14,inter_node,6,10,1,2,-0.5770764350891113,0.304321990397706,-0.5769501328468323,,,
5,14,inter_node,6,14,1,3,-0.5700241923332214,0.8360993203898404,-0.5698016285896301,,,
5,14,inter_node,10,14,2,3,0.5622426271438599,0.7644015229058936,0.5621187686920166,,,
5,14,inter_node,3,7,0,1,-0.5821822285652161,0.9830136945168289,-0.5822054147720337,,,
5,14,inter_node,3,11,0,2,0.524760365486145,0.9837770566954637,0.5248618125915527,,,
5,14,inter_node,3,15,0,3,0.6712288856506348,0.9134694743729419,0.6712214350700378,,,
5,14,inter_node,7,11,1,2,-0.782188892364502,0.044939859311439054,-0.7821210026741028,,,
5,14,inter_node,7,15,1,3,-0.8495057225227356,0.8036958014518344,-0.8495506644248962,,,
5,14,inter_node,11,15,2,3,0.7616822123527527,0.8125176845168338,0.7618406414985657,,,
5,14,cluster_edge,0,15,0,3,0.8405808806419373,0.31964028192260885,0.840644121170044,,,
5,14,cluster_edge,1,14,0,3,-0.7868601083755493,0.8571494999699725,-0.7867863178253174,,,
5,14,cluster_edge,2,13,0,3,0.5968347787857056,0.42225143277855876,0.5967743992805481,,,
5,14,cluster_edge,3,12,0,3,0.5044710636138916,0.9361502961308651,0.5044926404953003,,,
5,14,global_diversity,-1,-1,-1,-1,-0.028593532741069794,0.6005961894989014,-0.028584830462932587,120,4,
6,14,intra_node,0,1,0,0,0.5567687749862671,0.6615685488343572,0.5564314723014832,,,
6,14,intra_node,0,2,0,0,-0.5142226815223694,0.2934947049189564,-0.5139410495758057,,,
6,14,intra_node,0,3,0,0,-0.5451120734214783,0.30503299966866665,-0.5449525713920593,,,
6,14,intra_node,1,2,0,0,-0.9053905606269836,0.7608963877295117,-0.905349850654602,,,
6,14,intra_node,1,3,0,0,-0.7912535667419434,0.5130251493894074,-0.7912240624427795,,,
6,14,intra_node,2,3,0,0,0.8407607078552246,0.5090021343593236,0.8407220244407654,,,
6,14,intra_node,4,5,1,1,-0.8628516793251038,0.254640480304576,-0.8629140257835388,,,
6,14,intra_node,4,6,1,1,-0.8464523553848267,0.6246535956270889,-0.8466095924377441,,,
6,14,intra_node,4,7,1,1,0.8409243822097778,0.27992717548386886,0.8408588171005249,,,
6,14,intra_node,5,6,1,1,0.8666552305221558,0.496422337872214,0.866656482219696,,,
6,14,intra_node,5,7,1,1,-0.8034597039222717,0.4632868653729291,-0.8034414052963257,,,
6,14,intra_node,6,7,1,1,-0.74198979139328,0.729723254431224,-0.7420237064361572,,,
6,14,intra_node,8,9,2,2,0.6546929478645325,0.5269237960867946,0.6546183824539185,,,
6,14,intra_node,8,10,2,2,-0.46108120679855347,0.8528999830550162,-0.46096479892730713,,,
6,14,intra_node,8,11,2,2,-0.5866619348526001,0.9089957056270794,-0.5867354869842529,,,
6,14,intra_node,9,10,2,2,-0.7587703466415405,0.6890564020591237,-0.7587335109710693,,,
6,14,intra_node,9,11,2,2,-0.8405542373657227,0.8076329064532339,-0.840590238571167,,,
6,14,intra_node,10,11,2,2,0.7870404720306396,0.38134409320322077,0.7870627641677856,,,
6,14,intra_node,12,13,3,3,-0.6997840404510498,0.7435323718201042,-0.6997119188308716,,,
6,14,intra_node,12,14,3,3,-0.8683499097824097,0.5688189675130619,-0.8683062195777893,,,
6,14,intra_node,12,15,3,3,-0.7810240983963013,0.6743133300864522,-0.7810751795768738,,,
6,14,intra_node,13,14,3,3,0.7056288719177246,0.40519733277538117,0.7055797576904297,,,
6,14,intra_node,13,15,3,3,0.7659595012664795,0.2125326214672093,0.7659673094749451,,,
6,14,intra_node,14,15,3,3,0.792253851890564,0.24466373663267776,0.7924119830131531,,,
6,14,inter_node,0,4,0,1,-0.739920973777771,0.31502269181676357,-0.7397301197052002,,,
6,14,inter_node,0,8,0,2,0.5707613825798035,0.4872443919923645,0.5705196857452393,,,
6,14,inter_node,0,12,0,3,-0.7908970713615417,0.408224277912586,-0.7908070087432861,,,
6,14,inter_node,4,8,1,2,-0.5756984353065491,0.6487740438710711,-0.575454592704773,,,
6,14,inter_node,4,12,1,3,0.917519211769104,0.1360652170259782,0.9175032377243042,,,
6,14,inter_node,8,12,2,3,-0.6378340721130371,0.6965636798169105,-0.6376808285713196,,,
6,14,inter_node,1,5,0,1,0.6873838901519775,0.6889851698429826,0.6873751878738403,,,
6,14,inter_node,1,9,0,2,0.643139123916626,0.6877579421815012,0.6430813670158386,,,
6,14,inter_node,1,13,0,3,0.7617686986923218,0.21910021232715174,0.7617530226707458,,,
6,14,inter_node,5,9,1,2,0.7909644842147827,0.003930372705251422,0.7909329533576965,,,
6,14,inter_node,5,13,1,3,0.7004028558731079,0.6017224808270603,0.7003549337387085,,,
6,14,inter_node,9,13,2,3,0.6820972561836243,0.6001509249362095,0.6820387244224548,,,
6,14,inter_node,2,6,0,1,-0.7147836089134216,0.6128569238557118,-0.714827835559845,,,
6,14,inter_node,2,10,0,2,0.6631338596343994,0.5939431112537373,0.6630801558494568,,,
6,14,inter_node,2,14,0,3,-0.6622011661529541,0.4852244334796576,-0.6620043516159058,,,
6,14,inter_node,6,10,1,2,-0.8347710967063904,0.8427978870011928,-0.8347698450088501,,,
6,14,inter_node,6,14,1,3,0.7943923473358154,0.2479381281415394,0.7945316433906555,,,
6,14,inter_node,10,14,2,3,-0.8219842910766602,0.790971835056155,-0.8220291137695312,,,
6,14,inter_node,3,7,0,1,0.6307626366615295,0.6572189627456545,0.6306511163711548,,,
6,14,inter_node,3,11,0,2,0.6394495368003845,0.8766566752465895,0.6394833922386169,,,
6,14,inter_node,3,15,0,3,-0.7971533536911011,0.20808484089658827,-0.7971751689910889,,,
6,14,inter_node,7,11,1,2,0.9258240461349487,0.6401687627139974,0.925955057144165,,,
6,14,inter_node,7,15,1,3,-0.6824783086776733,0.7285465003450925,-0.6825125217437744,,,
6,14,inter_node,11,15,2,3,-0.6980100870132446,0.9023225513535592,-0.6980074644088745,,,
6,14,cluster_edge,0,15,0,3,0.6121139526367188,0.44964509736099134,0.6121882200241089,,,
6,14,cluster_edge,1,14,0,3,0.6613407731056213,0.5355187234570513,0.6610725522041321,,,
6,14,cluster_edge,2,13,0,3,-0.7430232763290405,0.6938101200116361,-0.7429671883583069,,,
6,14,cluster_edge,3,12,0,3,0.7118687629699707,0.5887354015520011,0.7117847800254822,,,
6,14,global_diversity,-1,-1,-1,-1,-0.041456613689661026,0.513392448425293,-0.041452519595623016,120,4,
7,14,intra_node,0,1,0,0,0.850578248500824,0.044667302334877625,0.8506399393081665,,,
7,14,intra_node,0,2,0,0,0.7996683120727539,0.2636535302410168,0.7996474504470825,,,
7,14,intra_node,0,3,0,0,-0.8192509412765503,0.5752402489588767,-0.8192512392997742,,,
7,14,intra_node,1,2,0,0,0.8729385137557983,0.2965441406289611,0.872987687587738,,,
7,14,intra_node,1,3,0,0,-0.8414380550384521,0.5942131211783179,-0.8413802981376648,,,
7,14,intra_node,2,3,0,0,-0.8351514935493469,0.423152322329795,-0.8351419568061829,,,
7,14,intra_node,4,5,1,1,-0.8031167984008789,0.4674156016141917,-0.803094208240509,,,
7,14,intra_node,4,6,1,1,-0.8910583257675171,0.8378100944937684,-0.8910466432571411,,,
7,14,intra_node,4,7,1,1,-0.7800136208534241,0.7848225746956319,-0.7799800634384155,,,
7,14,intra_node,5,6,1,1,0.8099618554115295,0.6954662847845198,0.8099420666694641,,,
7,14,intra_node,5,7,1,1,0.8277625441551208,0.5959749741889886,0.8277462124824524,,,
7,14,intra_node,6,7,1,1,0.8092548251152039,0.2462503662881261,0.8092356324195862,,,
7,14,intra_node,8,9,2,2,-0.8299522399902344,0.5753600852500191,-0.8299519419670105,,,
7,14,intra_node,8,10,2,2,-0.6282776594161987,0.80025047846381,-0.628174901008606,,,
7,14,intra_node,8,11,2,2,-0.788272500038147,0.5608568422747235,-0.7882009744644165,,,
7,14,intra_node,9,10,2,2,0.6465567946434021,0.5296025771534022,0.6464918851852417,,,
7,14,intra_node,9,11,2,2,0.8106989860534668,0.03302623010323366,0.8106657862663269,,,
7,14,intra_node,10,11,2,2,0.6284851431846619,0.545138030680302,0.6283928751945496,,,
7,14,intra_node,12,13,3,3,-0.709571897983551,0.8062124477276186,-0.7095437049865723,,,
7,14,intra_node,12,14,3,3,-0.7509656548500061,0.9115669684612527,-0.7509099245071411,,,
7,14,intra_node,12,15,3,3,0.8198965191841125,0.31237014857735323,0.8198462724685669,,,
7,14,intra_node,13,14,3,3,0.6390768885612488,0.5436598971308091,0.6390359997749329,,,
7,14,intra_node,13,15,3,3,-0.7856618165969849,0.718180425309559,-0.785675585269928,,,
7,14,intra_node,14,15,3,3,-0.7644509673118591,0.8713944262952125,-0.7643989324569702,,,
7,14,inter_node,0,4,0,1,-0.8395440578460693,0.8097726471209851,-0.8395275473594666,,,
7,14,inter_node,0,8,0,2,-0.8061493635177612,0.725188730587969,-0.8061856627464294,,,
7,14,inter_node,0,12,0,3,0.7808500528335571,0.30941792904298016,0.7808315753936768,,,
7,14,inter_node,4,8,1,2,0.8098907470703125,0.307789111829317,0.8098992109298706,,,
7,14,inter_node,4,12,1,3,-0.8071428537368774,0.8686324006961381,-0.8071148991584778,,,
7,14,inter_node,8,12,2,3,-0.7469824552536011,0.810220264447112,-0.7469075322151184,,,
7,14,inter_node,1,5,0,1,0.814288854598999,0.658776316492926,0.8143289089202881,,,
7,14,inter_node,1,9,0,2,0.876184344291687,0.3817439617970246,0.8762094974517822,,,
7,14,inter_node,1,13,0,3,-0.7655487060546875,0.7319195025875248,-0.765585720539093,,,
7,14,inter_node,5,9,1,2,0.7798520922660828,0.4480867756684178,0.7798258066177368,,,
7,14,inter_node,5,13,1,3,-0.8135127425193787,0.2143555375255262,-0.8134954571723938,,,
7,14,inter_node,9,13,2,3,-0.7678054571151733,0.5663924315374604,-0.7677820324897766,,,
7,14,inter_node,2,6,0,1,0.8174242973327637,0.37218300868638365,0.8174040913581848,,,
7,14,inter_node,2,10,0,2,0.7356463670730591,0.46477866306606347,0.7356083989143372,,,
7,14,inter_node,2,14,0,3,-0.7071293592453003,0.8260930232696995,-0.7070868015289307,,,
7,14,inter_node,6,10,1,2,0.6923621296882629,0.14748828983735654,0.692322850227356,,,
7,14,inter_node,6,14,1,3,-0.7836734652519226,0.8908182451007357,-0.7836484313011169,,,
7,14,inter_node,10,14,2,3,-0.5347986221313477,0.9069212754122696,-0.5347018837928772,,,
7,14,inter_node,3,7,0,1,-0.7917729616165161,0.519529088647503,-0.7917182445526123,,,
7,14,inter_node,3,11,0,2,-0.8395025730133057,0.3212420336840998,-0.839451014995575,,,
7,14,inter_node,3,15,0,3,-0.8376973271369934,0.5734166166196979,-0.8376351594924927,,,
7,14,inter_node,7,11,1,2,0.7890819311141968,0.292132195574289,0.7890276908874512,,,
7,14,inter_node,7,15,1,3,0.8086085915565491,0.11215565125577469,0.8085613250732422,,,
7,14,inter_node,11,15,2,3,0.884075403213501,0.3715235701826499,0.8840394616127014,,,
7,14,cluster_edge,0,15,0,3,0.8000544309616089,0.004274972749121393,0.8000680208206177,,,
7,14,cluster_edge,1,14,0,3,-0.8098832964897156,0.8776641182335672,-0.8098620772361755,,,
7,14,cluster_edge,2,13,0,3,-0.7914234399795532,0.6189092835872226,-0.79140305519104,,,
7,14,cluster_edge,3,12,0,3,-0.8041051030158997,0.706668531466833,-0.8040486574172974,,,
7,14,global_diversity,-1,-1,-1,-1,0.06810060888528824,0.5017169117927551,0.06810040771961212,120,4,
8,14,intra_node,0,1,0,0,-0.7310627698898315,0.8783830389889752,-0.7308449149131775,,,
8,14,intra_node,0,2,0,0,0.6573197841644287,0.3668200218147731,0.6571270823478699,,,
8,14,intra_node,0,3,0,0,-0.6578160524368286,0.5892762513048952,-0.6580629348754883,,,
8,14,intra_node,1,2,0,0,-0.6274800300598145,0.9229945752800857,-0.6272661685943604,,,
8,14,intra_node,1,3,0,0,0.6346622109413147,0.7038959607341684,0.6349106431007385,,,
8,14,intra_node,2,3,0,0,-0.776201069355011,0.739937945761079,-0.7763698101043701,,,
8,14,intra_node,4,5,1,1,0.6728626489639282,0.010410559070952565,0.6727747917175293,,,
8,14,intra_node,4,6,1,1,-0.6232278943061829,0.7264101415775404,-0.6236031651496887,,,
8,14,intra_node,4,7,1,1,-0.7597736120223999,0.8839902992394987,-0.7597886919975281,,,
8,14,intra_node,5,6,1,1,-0.7322580814361572,0.7235319546603006,-0.7323942184448242,,,
8,14,intra_node,5,7,1,1,-0.6117311120033264,0.8827698680256846,-0.6116494536399841,,,
8,14,intra_node,6,7,1,1,0.5829296112060547,0.5759722183072786,0.5830175280570984,,,
8,14,intra_node,8,9,2,2,-0.5348345041275024,0.9395802057721778,-0.5345896482467651,,,
8,14,intra_node,8,10,2,2,-0.5249073505401611,0.6895689065568416,-0.5247051119804382,,,
8,14,intra_node,8,11,2,2,-0.5941836833953857,0.3801484657942755,-0.5941160917282104,,,
8,14,intra_node,9,10,2,2,0.8118024468421936,0.8053680977711554,0.8117420673370361,,,
8,14,intra_node,9,11,2,2,0.7304631471633911,0.9025253776208785,0.7303999662399292,,,
8,14,intra_node,10,11,2,2,0.8244434595108032,0.4991847622980498,0.8244049549102783,,,
8,14,intra_node,12,13,3,3,-0.6746891736984253,0.8523337396722199,-0.6747539639472961,,,
8,14,intra_node,12,14,3,3,-0.6416081190109253,0.8347003508160326,-0.6414813995361328,,,
8,14,intra_node,12,15,3,3,0.6743017435073853,0.293486839527447,0.6741529703140259,,,
8,14,intra_node,13,14,3,3,0.7446215748786926,0.10667529509734576,0.7446917295455933,,,
8,14,intra_node,13,15,3,3,-0.5596621036529541,0.7909929091356018,-0.5597917437553406,,,
8,14,intra_node,14,15,3,3,-0.6429840326309204,0.766034578784907,-0.6428285837173462,,,
8,14,inter_node,0,4,0,1,-0.526414692401886,0.7437754909045813,-0.5260049700737,,,
8,14,inter_node,0,8,0,2,0.4934491217136383,0.2573107483730979,0.49295473098754883,,,
8,14,inter_node,0,12,0,3,-0.6159407496452332,0.8167422792037549,-0.6157581210136414,,,
8,14,inter_node,4,8,1,2,-0.4698217511177063,0.8097048110914531,-0.46924421191215515,,,
8,14,inter_node,4,12,1,3,0.6175212264060974,0.28477677079674135,0.6173370480537415,,,
8,14,inter_node,8,12,2,3,-0.598554790019989,0.863896460486985,-0.5983611345291138,,,
8,14,inter_node,1,5,0,1,0.6924676895141602,0.5302913804800349,0.6923819184303284,,,
8,14,inter_node,1,9,0,2,0.781840980052948,0.33107418548235845,0.7817568778991699,,,
8,14,inter_node,1,13,0,3,-0.6120649576187134,0.902002918366016,-0.6122269630432129,,,
8,14,inter_node,5,9,1,2,0.75340336561203,0.6857997791016504,0.7533316016197205,,,
8,14,inter_node,5,13,1,3,-0.6680723428726196,0.7913662267170326,-0.6681091785430908,,,
8,14,inter_node,9,13,2,3,-0.6240619421005249,0.9344472223476354,-0.6241168975830078,,,
8,14,inter_node,2,6,0,1,0.6919569373130798,0.407009345978596,0.6921722888946533,,,
8,14,inter_node,2,10,0,2,-0.7840052843093872,0.7353418639844561,-0.783932626247406,,,
8,14,inter_node,2,14,0,3,0.7308400273323059,0.2980316641392172,0.730736494064331,,,
8,14,inter_node,6,10,1,2,-0.7783867120742798,0.5536891952330988,-0.7785471677780151,,,
8,14,inter_node,6,14,1,3,0.7332566976547241,0.155245865478741,0.7334299087524414,,,
8,14,inter_node,10,14,2,3,-0.7991526126861572,0.6229771023916498,-0.7990894913673401,,,
8,14,inter_node,3,7,0,1,-0.7544218301773071,0.8140383238529059,-0.754483163356781,,,
8,14,inter_node,3,11,0,2,0.82853102684021,0.5078819738106474,0.8286073803901672,,,
8,14,inter_node,3,15,0,3,0.5829155445098877,0.36847258297652,0.5831291675567627,,,
8,14,inter_node,7,11,1,2,-0.6939132809638977,0.6221197634497105,-0.6938552856445312,,,
8,14,inter_node,7,15,1,3,-0.4640248119831085,0.8825601029974688,-0.46387171745300293,,,
8,14,inter_node,11,15,2,3,0.6894751787185669,0.6892139740499449,0.6894181966781616,,,
8,14,cluster_edge,0,15,0,3,-0.816932201385498,0.7406166918763796,-0.8167881965637207,,,
8,14,cluster_edge,1,14,0,3,-0.6474785804748535,0.8903007147388108,-0.6473256945610046,,,
8,14,cluster_edge,2,13,0,3,0.8231467604637146,0.21420695967735895,0.823270857334137,,,
8,14,cluster_edge,3,12,0,3,0.6865442991256714,0.5538175686736732,0.686661422252655,,,
8,14,global_diversity,-1,-1,-1,-1,-0.032674748450517654,0.5900956988334656,-0.032671213150024414,120,4,
9,14,intra_node,0,1,0,0,-0.7239491939544678,0.9227785877113844,-0.7239513993263245,,,
9,14,intra_node,0,2,0,0,0.5601959824562073,0.317339088221199,0.5602189302444458,,,
9,14,intra_node,0,3,0,0,0.7317044138908386,0.25793308101412293,0.7317123413085938,,,
9,14,intra_node,1,2,0,0,-0.5487533807754517,0.8868817432546405,-0.5485199689865112,,,
9,14,intra_node,1,3,0,0,-0.7435934543609619,0.9426965445032489,-0.743492841720581,,,
9,14,intra_node,2,3,0,0,0.6857532262802124,0.4934199204842155,0.6855963468551636,,,
9,14,intra_node,4,5,1,1,0.5176228284835815,0.4483007678524626,0.5171019434928894,,,
9,14,intra_node,4,6,1,1,0.6517719626426697,0.6043237718353133,0.6516571044921875,,,
9,14,intra_node,4,7,1,1,-0.6215959191322327,0.818245231143927,-0.6212718486785889,,,
9,14,intra_node,5,6,1,1,0.5393120646476746,0.28280446100227025,0.5391368865966797,,,
9,14,intra_node,5,7,1,1,-0.5639520883560181,0.6705546097126568,-0.5635222792625427,,,
9,14,intra_node,6,7,1,1,-0.7898995876312256,0.5406477419704279,-0.7898546457290649,,,
9,14,intra_node,8,9,2,2,-0.582086443901062,0.6095071881690428,-0.5818435549736023,,,
9,14,intra_node,8,10,2,2,-0.6871075630187988,0.6044059625092627,-0.6869651079177856,,,
9,14,intra_node,8,11,2,2,0.7039703130722046,0.16902298994150525,0.7040884494781494,,,
9,14,intra_node,9,10,2,2,0.7464975714683533,0.012895102494813394,0.7463780641555786,,,
9,14,intra_node,9,11,2,2,-0.786993682384491,0.5300798853587185,-0.7871715426445007,,,
9,14,intra_node,10,11,2,2,-0.9091848134994507,0.5239410564885659,-0.9093107581138611,,,
9,14,intra_node,12,13,3,3,0.5769443511962891,0.45087532880458225,0.5769013166427612,,,
9,14,intra_node,12,14,3,3,-0.5517264604568481,0.9045068472563552,-0.5516587495803833,,,
9,14,intra_node,12,15,3,3,0.7393404841423035,0.5967235090857136,0.7393553256988525,,,
9,14,intra_node,13,14,3,3,-0.6333329677581787,0.9475623538982323,-0.6332897543907166,,,
9,14,intra_node,13,15,3,3,0.7304351329803467,0.7785509295258506,0.7304439544677734,,,
9,14,intra_node,14,15,3,3,-0.6315950751304626,0.7632067455081551,-0.6316266655921936,,,
9,14,inter_node,0,4,0,1,0.581046998500824,0.3647346425141886,0.581084668636322,,,
9,14,inter_node,0,8,0,2,-0.585741400718689,0.5937431025403642,-0.5857273936271667,,,
9,14,inter_node,0,12,0,3,-0.7511953711509705,0.9144546717304316,-0.7511758804321289,,,
9,14,inter_node,4,8,1,2,-0.7467875480651855,0.7419190668042278,-0.7466304302215576,,,
9,14,inter_node,4,12,1,3,-0.6809685230255127,0.9456560164555915,-0.6809951663017273,,,
9,14,inter_node,8,12,2,3,0.6984740495681763,0.7894304593854485,0.6984522938728333,,,
9,14,inter_node,1,5,0,1,-0.5687903761863708,0.9110818264289919,-0.5685651898384094,,,
9,14,inter_node,1,9,0,2,-0.793128490447998,0.9257750290353282,-0.7930400967597961,,,
9,14,inter_node,1,13,0,3,0.7413081526756287,0.39168361642025856,0.7412969470024109,,,
9,14,inter_node,5,9,1,2,0.5501341223716736,0.16524408921425457,0.5497528910636902,,,
9,14,inter_node,5,13,1,3,-0.37014129757881165,0.9459096182187686,-0.37005454301834106,,,
9,14,inter_node,9,13,2,3,-0.6807528734207153,0.9548477340914595,-0.6807606220245361,,,
9,14,inter_node,2,6,0,1,0.5898910164833069,0.08761161122833117,0.5897381901741028,,,
9,14,inter_node,2,10,0,2,0.4842354655265808,0.33525661221661895,0.48394790291786194,,,
9,14,inter_node,2,14,0,3,0.5292907357215881,0.237954379984546,0.529134213924408,,,
9,14,inter_node,6,10,1,2,0.8618396520614624,0.3934958514737003,0.8617986440658569,,,
9,14,inter_node,6,14,1,3,0.6213989853858948,0.30471842458359255,0.6213038563728333,,,
9,14,inter_node,10,14,2,3,0.5473343133926392,0.12768557377194784,0.5472025275230408,,,
9,14,inter_node,3,7,0,1,-0.7208811640739441,0.7876884049370995,-0.720745861530304,,,
9,14,inter_node,3,11,0,2,-0.7230360507965088,0.6372104154922265,-0.7231233716011047,,,
9,14,inter_node,3,15,0,3,-0.7214393019676208,0.8425884979342214,-0.7215306162834167,,,
9,14,inter_node,7,11,1,2,0.7692758440971375,0.4147803461586111,0.7694993615150452,,,
9,14,inter_node,7,15,1,3,0.7985101342201233,0.2585826411452328,0.7987523078918457,,,
9,14,inter_node,11,15,2,3,0.8762437701225281,0.5661079898990163,0.8762429356575012,,,
9,14,cluster_edge,0,15,0,3,-0.8574728965759277,0.7878742495610771,-0.8574814796447754,,,
9,14,cluster_edge,1,14,0,3,-0.7433647513389587,0.9137987279034152,-0.7432956695556641,,,
9,14,cluster_edge,2,13,0,3,-0.39454391598701477,0.9311883111398183,-0.39445221424102783,,,
9,14,cluster_edge,3,12,0,3,-0.8302285075187683,0.9365196418173659,-0.8302286267280579,,,
9,14,global_diversity,-1,-1,-1,-1,-0.03585008904337883,0.5825075507164001,-0.035869892686605453,120,4,
10,14,intra_node,0,1,0,0,0.6468339562416077,0.22512678365756753,0.6468943357467651,,,
10,14,intra_node,0,2,0,0,-0.568461537361145,0.8827132321728915,-0.5683450102806091,,,
10,14,intra_node,0,3,0,0,-0.41542530059814453,0.9903574679274204,-0.41534101963043213,,,
10,14,intra_node,1,2,0,0,-0.7937777042388916,0.8486374733911605,-0.7938133478164673,,,
10,14,intra_node,1,3,0,0,-0.6980847716331482,0.987555987393532,-0.6980857253074646,,,
10,14,intra_node,2,3,0,0,0.750943124294281,0.9177867013370714,0.7509202361106873,,,
10,14,intra_node,4,5,1,1,0.8752965331077576,0.18513811446789416,0.8752792477607727,,,
10,14,intra_node,4,6,1,1,0.7024027109146118,0.8761811865579585,0.7023712992668152,,,
10,14,intra_node,4,7,1,1,0.8159821033477783,0.24101935650563758,0.815976619720459,,,
10,14,intra_node,5,6,1,1,0.7852710485458374,0.8480493251182222,0.7852559685707092,,,
10,14,intra_node,5,7,1,1,0.8021117448806763,0.3815356017598128,0.8021072745323181,,,
10,14,intra_node,6,7,1,1,0.6096081733703613,0.9060239172970509,0.6096281409263611,,,
10,14,intra_node,8,9,2,2,-0.8163713812828064,0.7934955823876808,-0.8163962364196777,,,
10,14,intra_node,8,10,2,2,0.7949314117431641,0.25993415582422263,0.7949138283729553,,,
10,14,intra_node,8,11,2,2,-0.8725919723510742,0.6435166911076226,-0.8725839853286743,,,
10,14,intra_node,9,10,2,2,-0.8406996726989746,0.8471731338537117,-0.8407027125358582,,,
10,14,intra_node,9,11,2,2,0.8465130925178528,0.42071785000553,0.846633791923523,,,
10,14,intra_node,10,11,2,2,-0.8118371367454529,0.7361788790699882,-0.8118689656257629,,,
10,14,intra_node,12,13,3,3,0.5912706851959229,0.36864134463382503,0.5911321640014648,,,
10,14,intra_node,12,14,3,3,-0.6834273338317871,0.9206578984105741,-0.6834107637405396,,,
10,14,intra_node,12,15,3,3,-0.5714666843414307,0.5332098922005806,-0.5712903141975403,,,
10,14,intra_node,13,14,3,3,-0.597743570804596,0.9499066774265736,-0.5977177619934082,,,
10,14,intra_node,13,15,3,3,-0.6554380059242249,0.7052880252015267,-0.6552693247795105,,,
10,14,intra_node,14,15,3,3,0.5368440747261047,0.8300261717981409,0.5368447303771973,,,
10,14,inter_node,0,4,0,1,0.7384656667709351,0.3154415592759418,0.7384316921234131,,,
10,14,inter_node,0,8,0,2,0.7262243032455444,0.45768244960089666,0.7261616587638855,,,
10,14,inter_node,0,12,0,3,0.5141981244087219,0.48703462423374316,0.514030933380127,,,
10,14,inter_node,4,8,1,2,0.865568995475769,0.20778487542204072,0.8655499219894409,,,
10,14,inter_node,4,12,1,3,0.6500827074050903,0.2506624047704491,0.6500235795974731,,,
10,14,inter_node,8,12,2,3,0.63237464427948,0.054123593476267856,0.632289707660675,,,
10,14,inter_node,1,5,0,1,0.8573191165924072,0.28011373989882243,0.857345461845398,,,
10,14,inter_node,1,9,0,2,-0.845210075378418,0.8554718790840032,-0.8452079892158508,,,
10,14,inter_node,1,13,0,3,0.5981355905532837,0.046284729805729105,0.5981838703155518,,,
10,14,inter_node,5,9,1,2,-0.7890815734863281,0.799234783428588,-0.7890946865081787,,,
10,14,inter_node,5,13,1,3,0.7043167948722839,0.3134334809384623,0.7042633295059204,,,
10,14,inter_node,9,13,2,3,-0.6201059222221375,0.86216132410993,-0.6201443672180176,,,
10,14,inter_node,2,6,0,1,-0.7958609461784363,0.2773164830739233,-0.7958233952522278,,,
10,14,inter_node,2,10,0,2,-0.8214406967163086,0.8399462993983148,-0.8214282393455505,,,
10,14,inter_node,2,14,0,3,0.7937182188034058,0.6529894061374464,0.7937093377113342,,,
10,14,inter_node,6,10,1,2,0.7151081562042236,0.8843318287521408,0.7151181101799011,,,
10,14,inter_node,6,14,1,3,-0.7127708196640015,0.5198304849423467,-0.7127971053123474,,,
10,14,inter_node,10,14,2,3,-0.7064130306243896,0.9444596703043099,-0.7063911557197571,,,
10,14,inter_node,3,7,0,1,-0.6182186603546143,0.9893091739696895,-0.6181964874267578,,,
10,14,inter_node,3,11,0,2,0.6895991563796997,0.9501232401587586,0.689594566822052,,,
10,14,inter_node,3,15,0,3,0.49910807609558105,0.9597300216477664,0.49906784296035767,,,
10,14,inter_node,7,11,1,2,-0.7694611549377441,0.7856551615554104,-0.769519031047821,,,
10,14,inter_node,7,15,1,3,-0.6120327115058899,0.734521187550688,-0.6120985746383667,,,
10,14,inter_node,11,15,2,3,0.6752328276634216,0.1926103764475951,0.6750378608703613,,,
10,14,cluster_edge,0,15,0,3,-0.7929871082305908,0.7605528369486992,-0.7928975820541382,,,
10,14,cluster_edge,1,14,0,3,-0.6400352120399475,0.94747559975293,-0.6400312185287476,,,
10,14,cluster_edge,2,13,0,3,-0.6804409623146057,0.8556432470379631,-0.6803591847419739,,,
10,14,cluster_edge,3,12,0,3,-0.6329697966575623,0.9812023724638806,-0.6329318284988403,,,
10,14,global_diversity,-1,-1,-1,-1,0.009398975409567356,0.6140187382698059,0.009398982860147953,120,4,
11,14,intra_node,0,1,0,0,-0.6838495135307312,0.982648610313351,-0.6837690472602844,,,
11,14,intra_node,0,2,0,0,-0.8559707999229431,0.9998707643554797,-0.8560192584991455,,,
11,14,intra_node,0,3,0,0,0.8572838306427002,0.09099416293191383,0.8572911620140076,,,
11,14,intra_node,1,2,0,0,0.69775390625,0.9925518562573843,0.6978980898857117,,,
11,14,intra_node,1,3,0,0,-0.7151027321815491,0.980911685074967,-0.7151638865470886,,,
11,14,intra_node,2,3,0,0,-0.9105033278465271,0.999857827486634,-0.9105077981948853,,,
11,14,intra_node,4,5,1,1,0.898249089717865,0.2123269420369794,0.8982672691345215,,,
11,14,intra_node,4,6,1,1,-0.9033242464065552,0.9989662517214578,-0.9033266305923462,,,
11,14,intra_node,4,7,1,1,0.6427884697914124,0.2679667524313723,0.6428309082984924,,,
11,14,intra_node,5,6,1,1,-0.9172976016998291,0.9986875921829603,-0.9173011779785156,,,
11,14,intra_node,5,7,1,1,0.754541277885437,0.07063820430558014,0.7545220851898193,,,
11,14,intra_node,6,7,1,1,-0.697550892829895,0.9985878397163303,-0.6975643038749695,,,
11,14,intra_node,8,9,2,2,-0.6435268521308899,0.9972727610357687,-0.6435542702674866,,,
11,14,intra_node,8,10,2,2,0.6657205820083618,0.17200219634296712,0.6656984686851501,,,
11,14,intra_node,8,11,2,2,-0.45042580366134644,0.9974895079681143,-0.45037606358528137,,,
11,14,intra_node,9,10,2,2,-0.7691638469696045,0.9977418521275686,-0.7692577838897705,,,
11,14,intra_node,9,11,2,2,0.5570383071899414,0.07947485907483548,0.5569823384284973,,,
11,14,intra_node,10,11,2,2,-0.5997410416603088,0.9979213181115002,-0.5997101068496704,,,
11,14,intra_node,12,13,3,3,0.7486093044281006,0.8739826854668649,0.7486562132835388,,,
11,14,intra_node,12,14,3,3,-0.6804182529449463,0.9988716004574562,-0.6804046630859375,,,
11,14,intra_node,12,15,3,3,0.8201073408126831,0.20422097672353573,0.8201061487197876,,,
11,14,intra_node,13,14,3,3,-0.5605021715164185,0.9998578021199283,-0.560451328754425,,,
11,14,intra_node,13,15,3,3,0.8647561073303223,0.8416428294198011,0.8647638559341431,,,
11,14,intra_node,14,15,3,3,-0.6991996765136719,0.9991020433141689,-0.6991697549819946,,,
11,14,inter_node,0,4,0,1,0.8678982853889465,0.11568230196554888,0.8679602146148682,,,
11,14,inter_node,0,8,0,2,0.7836180329322815,0.026856854083780763,0.7836058735847473,,,
11,14,inter_node,0,12,0,3,-0.8456664085388184,0.9983285927023673,-0.8456860780715942,,,
11,14,inter_node,4,8,1,2,0.7271236181259155,0.13943229334536503,0.7271314859390259,,,
11,14,inter_node,4,12,1,3,-0.8471907377243042,0.9985219449460795,-0.8471940755844116,,,
11,14,inter_node,8,12,2,3,-0.7720369100570679,0.9982824651186758,-0.7720280885696411,,,
11,14,inter_node,1,5,0,1,-0.6894915699958801,0.980519657451434,-0.6895106434822083,,,
11,14,inter_node,1,9,0,2,0.7422024011611938,0.8470443028918021,0.7420260906219482,,,
11,14,inter_node,1,13,0,3,0.5460159182548523,0.9878611302643486,0.5457884073257446,,,
11,14,inter_node,5,9,1,2,-0.6971186399459839,0.9970203706255776,-0.6971558332443237,,,
11,14,inter_node,5,13,1,3,-0.7961785197257996,0.999763530659397,-0.7961903214454651,,,
11,14,inter_node,9,13,2,3,0.6359291672706604,0.9206380019499073,0.6357433795928955,,,
11,14,inter_node,2,6,0,1,0.8704787492752075,0.8894456512881886,0.8704771995544434,,,
11,14,inter_node,2,10,0,2,-0.6687142848968506,0.999890039990246,-0.6687120199203491,,,
11,14,inter_node,2,14,0,3,-0.7713590264320374,0.9999127505052996,-0.7713658213615417,,,
11,14,inter_node,6,10,1,2,-0.6932386159896851,0.9990053759889567,-0.6932289004325867,,,
11,14,inter_node,6,14,1,3,-0.7343509793281555,0.9992107999756041,-0.7343448996543884,,,
11,14,inter_node,10,14,2,3,0.7070701122283936,0.20653431283237592,0.7070497870445251,,,
11,14,inter_node,3,7,0,1,0.7039754986763,0.08934092964318814,0.7039644122123718,,,
11,14,inter_node,3,11,0,2,-0.6772716641426086,0.9973123735689237,-0.6772493124008179,,,
11,14,inter_node,3,15,0,3,-0.8704555034637451,0.9985367851199973,-0.8704501986503601,,,
11,14,inter_node,7,11,1,2,-0.3616268038749695,0.9970487018484061,-0.36152300238609314,,,
11,14,inter_node,7,15,1,3,-0.8007222414016724,0.9983932352648403,-0.8006969094276428,,,
11,14,inter_node,11,15,2,3,0.5718994140625,0.45557356369028584,0.5718489289283752,,,
11,14,cluster_edge,0,15,0,3,-0.8553351759910583,0.9986699291331927,-0.8553181886672974,,,
11,14,cluster_edge,1,14,0,3,-0.8340194225311279,0.9882857396801803,-0.8340864777565002,,,
11,14,cluster_edge,2,13,0,3,0.6684467196464539,0.38642197298313347,0.6685202717781067,,,
11,14,cluster_edge,3,12,0,3,-0.8418915867805481,0.9981612799066025,-0.8418854475021362,,,
11,14,global_diversity,-1,-1,-1,-1,-0.056499183177948,0.7358522415161133,-0.056501831859350204,120,4,
12,14,intra_node,0,1,0,0,-0.8393127918243408,0.946560950747324,-0.8392769694328308,,,
12,14,intra_node,0,2,0,0,-0.746788501739502,0.9532268789592175,-0.7467185258865356,,,
12,14,intra_node,0,3,0,0,-0.711912989616394,0.9360158932261182,-0.7118642330169678,,,
12,14,intra_node,1,2,0,0,0.7384920120239258,0.12473889983287292,0.7384282946586609,,,
12,14,intra_node,1,3,0,0,0.8085415363311768,0.16480745067633468,0.8085108995437622,,,
12,14,intra_node,2,3,0,0,0.6568124890327454,0.2689884504275811,0.6567545533180237,,,
12,14,intra_node,4,5,1,1,0.6678351163864136,0.503937075192414,0.6677825450897217,,,
12,14,intra_node,4,6,1,1,0.6377130746841431,0.554967310135703,0.6376399993896484,,,
12,14,intra_node,4,7,1,1,-0.7591967582702637,0.9302233757024854,-0.7591530084609985,,,
12,14,intra_node,5,6,1,1,0.6368654370307922,0.10287048757591132,0.6367917060852051,,,
12,14,intra_node,5,7,1,1,-0.49074915051460266,0.8593391668515042,-0.49065056443214417,,,
12,14,intra_node,6,7,1,1,-0.621685802936554,0.8432101149270821,-0.6215754151344299,,,
12,14,intra_node,8,9,2,2,-0.796819269657135,0.9750378986380027,-0.7967485785484314,,,
12,14,intra_node,8,10,2,2,0.5550968050956726,0.36986411102518846,0.5549044609069824,,,
12,14,intra_node,8,11,2,2,0.8402416110038757,0.020935706219746726,0.8404355645179749,,,
12,14,intra_node,9,10,2,2,-0.6618698835372925,0.9842704840675784,-0.6616529226303101,,,
12,14,intra_node,9,11,2,2,-0.7658355236053467,0.975560497858745,-0.7661200165748596,,,
12,14,intra_node,10,11,2,2,0.5334481596946716,0.35638967432690094,0.5337870717048645,,,
12,14,intra_node,12,13,3,3,0.8014667630195618,0.5046785314599718,0.8014354109764099,,,
12,14,intra_node,12,14,3,3,-0.8471235632896423,0.8967612457685359,-0.8470933437347412,,,
12,14,intra_node,12,15,3,3,-0.8479715585708618,0.875371845909365,-0.847941517829895,,,
12,14,intra_node,13,14,3,3,-0.7184429168701172,0.7915722196823757,-0.7183284163475037,,,
12,14,intra_node,13,15,3,3,-0.7335212826728821,0.7483893551838579,-0.7334612011909485,,,
12,14,intra_node,14,15,3,3,0.820168673992157,0.17162574552468787,0.8201286196708679,,,
12,14,inter_node,0,4,0,1,-0.669306755065918,0.9740921403001512,-0.6692455410957336,,,
12,14,inter_node,0,8,0,2,-0.7537120580673218,0.9389652473312811,-0.7536471486091614,,,
12,14,inter_node,0,12,0,3,0.8235654234886169,0.5208173309809129,0.8235286474227905,,,
12,14,inter_node,4,8,1,2,0.611599862575531,0.575522819917531,0.6115220785140991,,,
12,14,inter_node,4,12,1,3,-0.6726961135864258,0.9459332288605438,-0.6726396679878235,,,
12,14,inter_node,8,12,2,3,-0.781164288520813,0.8726273786285711,-0.7811158895492554,,,
12,14,inter_node,1,5,0,1,0.8531461954116821,0.02268167031785938,0.8531209230422974,,,
12,14,inter_node,1,9,0,2,-0.8942723274230957,0.9781444028883937,-0.8942690491676331,,,
12,14,inter_node,1,13,0,3,-0.8145700693130493,0.7748507685429267,-0.8145365715026855,,,
12,14,inter_node,5,9,1,2,-0.865045964717865,0.978640124336679,-0.8650546073913574,,,
12,14,inter_node,5,13,1,3,-0.7524866461753845,0.7799575291831554,-0.7524555921554565,,,
12,14,inter_node,9,13,2,3,0.7850484251976013,0.9029283956682157,0.7849350571632385,,,
12,14,inter_node,2,6,0,1,0.6803289651870728,0.1965539372498119,0.6801962852478027,,,
12,14,inter_node,2,10,0,2,0.6820719838142395,0.17772884777719403,0.6818839311599731,,,
12,14,inter_node,2,14,0,3,0.8251328468322754,0.05451968194166059,0.825065553188324,,,
12,14,inter_node,6,10,1,2,0.6891541481018066,0.33934948023352596,0.6890143752098083,,,
12,14,inter_node,6,14,1,3,0.7006000280380249,0.15022444422728568,0.7004925012588501,,,
12,14,inter_node,10,14,2,3,0.7069971561431885,0.2225588094661842,0.7068771719932556,,,
12,14,inter_node,3,7,0,1,-0.4540228843688965,0.8276741100539742,-0.45392298698425293,,,
12,14,inter_node,3,11,0,2,0.7181613445281982,0.06606577741514408,0.7182575464248657,,,
12,14,inter_node,3,15,0,3,0.7407127022743225,0.06664866443912017,0.740670382976532,,,
12,14,inter_node,7,11,1,2,-0.42206013202667236,0.839058953942015,-0.42216700315475464,,,
12,14,inter_node,7,15,1,3,-0.49790245294570923,0.8391594004671596,-0.49779000878334045,,,
12,14,inter_node,11,15,2,3,0.776779055595398,0.0006241199967625322,0.7769109606742859,,,
12,14,cluster_edge,0,15,0,3,-0.8387438654899597,0.9402803484879274,-0.8387088179588318,,,
12,14,cluster_edge,1,14,0,3,0.853079080581665,0.07426830210005446,0.8530460000038147,,,
12,14,cluster_edge,2,13,0,3,-0.6459130644798279,0.8029356359730988,-0.645734429359436,,,
12,14,cluster_edge,3,12,0,3,-0.8159605264663696,0.866472410396518,-0.8159314393997192,,,
12,14,global_diversity,-1,-1,-1,-1,0.055597104132175446,0.5605972409248352,0.05560257285833359,120,4,
13,14,intra_node,0,1,0,0,-0.7630144953727722,0.6806354049805494,-0.7630730867385864,,,
13,14,intra_node,0,2,0,0,0.8956239819526672,0.02371335145104365,0.8956125974655151,,,
13,14,intra_node,0,3,0,0,0.8880780935287476,0.13973660597708398,0.8880200982093811,,,
13,14,intra_node,1,2,0,0,-0.7630047798156738,0.6882086098632658,-0.7629950642585754,,,
13,14,intra_node,1,3,0,0,-0.7823633551597595,0.6287595203534334,-0.7823904752731323,,,
13,14,intra_node,2,3,0,0,0.8747349977493286,0.16013633418001705,0.8746981620788574,,,
13,14,intra_node,4,5,1,1,0.7216443419456482,0.6667002234187084,0.7215935587882996,,,
13,14,intra_node,4,6,1,1,0.7179704904556274,0.6729840036967917,0.7179150581359863,,,
13,14,intra_node,4,7,1,1,-0.7552605867385864,0.22791187045092862,-0.7552259564399719,,,
13,14,intra_node,5,6,1,1,0.8987783789634705,0.018853238794627858,0.8987467885017395,,,
13,14,intra_node,5,7,1,1,-0.788610577583313,0.5683138182995363,-0.7885111570358276,,,
13,14,intra_node,6,7,1,1,-0.7728633880615234,0.5764525009674762,-0.7727837562561035,,,
13,14,intra_node,8,9,2,2,0.7556553483009338,0.090056118830058,0.755736231803894,,,
13,14,intra_node,8,10,2,2,-0.7921557426452637,0.3232863849140085,-0.7920663356781006,,,
13,14,intra_node,8,11,2,2,-0.7606614232063293,0.16077248060054206,-0.7607065439224243,,,
13,14,intra_node,9,10,2,2,-0.8560509085655212,0.2563128022621345,-0.856036365032196,,,
13,14,intra_node,9,11,2,2,-0.8321763277053833,0.07771508027457905,-0.8321399688720703,,,
13,14,intra_node,10,11,2,2,0.8534609079360962,0.19364701532876288,0.8534302115440369,,,
13,14,intra_node,12,13,3,3,0.8084418177604675,0.13852339740549077,0.808312177658081,,,
13,14,intra_node,12,14,3,3,-0.542468249797821,0.9656664823960956,-0.5422511696815491,,,
13,14,intra_node,12,15,3,3,0.9012318849563599,0.017903812196458025,0.9011682271957397,,,
13,14,intra_node,13,14,3,3,-0.5772974491119385,0.960145734079716,-0.5770726799964905,,,
13,14,intra_node,13,15,3,3,0.7726806402206421,0.12281850465054592,0.7724994421005249,,,
13,14,intra_node,14,15,3,3,-0.5781576037406921,0.9650405754239906,-0.5779507160186768,,,
13,14,inter_node,0,4,0,1,-0.6933963298797607,0.2266699955901474,-0.6933543086051941,,,
13,14,inter_node,0,8,0,2,0.8064361810684204,0.1532113227124136,0.8063007593154907,,,
13,14,inter_node,0,12,0,3,0.910757839679718,0.017434093469894368,0.9107008576393127,,,
13,14,inter_node,4,8,1,2,-0.7593654990196228,0.08674971081691227,-0.7594858407974243,,,
13,14,inter_node,4,12,1,3,-0.7015038728713989,0.212948465573329,-0.7014585733413696,,,
13,14,inter_node,8,12,2,3,0.8152605891227722,0.13818638356994434,0.815156102180481,,,
13,14,inter_node,1,5,0,1,0.8026900291442871,0.1929264492273634,0.802712619304657,,,
13,14,inter_node,1,9,0,2,-0.8384609818458557,0.5855261673627808,-0.8384526371955872,,,
13,14,inter_node,1,13,0,3,-0.690182626247406,0.6227045299835658,-0.6902953386306763,,,
13,14,inter_node,5,9,1,2,-0.8477405905723572,0.665489132191136,-0.8477150797843933,,,
13,14,inter_node,5,13,1,3,-0.7916420698165894,0.6954948053234057,-0.7915554642677307,,,
13,14,inter_node,9,13,2,3,0.7870638370513916,0.08970014435947864,0.7871056795120239,,,
13,14,inter_node,2,6,0,1,-0.8375795483589172,0.7531056179824758,-0.8375311493873596,,,
13,14,inter_node,2,10,0,2,-0.7889320254325867,0.44055511602698133,-0.7888617515563965,,,
13,14,inter_node,2,14,0,3,-0.5380255579948425,0.9670650247308213,-0.5378705859184265,,,
13,14,inter_node,6,10,1,2,0.8778955936431885,0.5586797035944802,0.8778594136238098,,,
13,14,inter_node,6,14,1,3,0.570546567440033,0.866602978163995,0.5703997611999512,,,
13,14,inter_node,10,14,2,3,0.5874478816986084,0.9411291867837207,0.5872651934623718,,,
13,14,inter_node,3,7,0,1,0.7689024209976196,0.30593476279769144,0.7687860727310181,,,
13,14,inter_node,3,11,0,2,-0.8486629724502563,0.17391770237676912,-0.8486286401748657,,,
13,14,inter_node,3,15,0,3,0.9063941240310669,0.10851153706979189,0.9063470363616943,,,
13,14,inter_node,7,11,1,2,-0.7376333475112915,0.1598110270620206,-0.7375583648681641,,,
13,14,inter_node,7,15,1,3,0.7707356214523315,0.38124884851322366,0.7706036567687988,,,
13,14,inter_node,11,15,2,3,-0.864562451839447,0.2635571622380112,-0.864556074142456,,,
13,14,cluster_edge,0,15,0,3,0.8706952929496765,0.035025768931051915,0.8706063628196716,,,
13,14,cluster_edge,1,14,0,3,0.5457622408866882,0.8943685543890895,0.5457149744033813,,,
13,14,cluster_edge,2,13,0,3,0.7731364369392395,0.1736148061275339,0.7731059193611145,,,
13,14,cluster_edge,3,12,0,3,0.9168858528137207,0.12447257908540336,0.9168431162834167,,,
13,14,global_diversity,-1,-1,-1,-1,-0.02916860766708851,0.422513484954834,-0.029173973947763443,120,4,
14,14,intra_node,0,1,0,0,-0.9035329818725586,0.6587506135185721,-0.9036925435066223,,,
14,14,intra_node,0,2,0,0,0.5770271420478821,0.8917106511327016,0.5769079327583313,,,
14,14,intra_node,0,3,0,0,0.8964664340019226,0.007208824460891662,0.8965847492218018,,,
14,14,intra_node,1,2,0,0,-0.5259429216384888,0.6826680042304137,-0.5258965492248535,,,
14,14,intra_node,1,3,0,0,-0.8899165987968445,0.6562727440681354,-0.889909029006958,,,
14,14,intra_node,2,3,0,0,0.5716512799263,0.8909243438747381,0.5715938210487366,,,
14,14,intra_node,4,5,1,1,0.7617723941802979,0.07340929266222807,0.7616913318634033,,,
14,14,intra_node,4,6,1,1,0.711763322353363,0.6101766295340639,0.7116780877113342,,,
14,14,intra_node,4,7,1,1,0.758529782295227,0.8778125672398257,0.7585321664810181,,,
14,14,intra_node,5,6,1,1,0.73936527967453,0.638793287423174,0.7393661141395569,,,
14,14,intra_node,5,7,1,1,0.729697048664093,0.8867822602509636,0.7298680543899536,,,
14,14,intra_node,6,7,1,1,0.8572961091995239,0.6865569331717339,0.857294499874115,,,
14,14,intra_node,8,9,2,2,0.875425398349762,0.22913886054181237,0.8753955960273743,,,
14,14,intra_node,8,10,2,2,-0.9227076768875122,0.10232124478601161,-0.9226844310760498,,,
14,14,intra_node,8,11,2,2,0.6911616921424866,0.2394677819540992,0.6910397410392761,,,
14,14,intra_node,9,10,2,2,-0.8690034747123718,0.14127282729952767,-0.8689693808555603,,,
14,14,intra_node,9,11,2,2,0.6940157413482666,0.4137352678024741,0.6939279437065125,,,
14,14,intra_node,10,11,2,2,-0.6708675026893616,0.31728638520442215,-0.6707569360733032,,,
14,14,intra_node,12,13,3,3,-0.8545354604721069,0.5824004322226327,-0.854461133480072,,,
14,14,intra_node,12,14,3,3,-0.8167824745178223,0.6786901061206989,-0.8166873455047607,,,
14,14,intra_node,12,15,3,3,0.8246052861213684,0.44953615407179476,0.8246305584907532,,,
14,14,intra_node,13,14,3,3,0.8921788930892944,0.23057895967315897,0.8921261429786682,,,
14,14,intra_node,13,15,3,3,-0.9422526359558105,0.24136785573410194,-0.9422671794891357,,,
14,14,intra_node,14,15,3,3,-0.8808011412620544,0.41629246633355055,-0.8807916641235352,,,
14,14,inter_node,0,4,0,1,-0.7263087630271912,0.2020431864351929,-0.7261754870414734,,,
14,14,inter_node,0,8,0,2,0.9254366159439087,0.033555927391834446,0.9254234433174133,,,
14,14,inter_node,0,12,0,3,0.8575165271759033,0.3466065198026361,0.857398509979248,,,
14,14,inter_node,4,8,1,2,-0.7368879914283752,0.1743373091302199,-0.7367798686027527,,,
14,14,inter_node,4,12,1,3,-0.7471731901168823,0.1811668638076017,-0.747053861618042,,,
14,14,inter_node,8,12,2,3,0.878793478012085,0.32392002939804326,0.8787577748298645,,,
14,14,inter_node,1,5,0,1,0.7446432113647461,0.7476872441885487,0.7448496222496033,,,
14,14,inter_node,1,9,0,2,-0.8696750402450562,0.5721687993275245,-0.8696824312210083,,,
14,14,inter_node,1,13,0,3,0.9142112135887146,0.46606715750437194,0.914287269115448,,,
14,14,inter_node,5,9,1,2,-0.7399869561195374,0.4102516239702481,-0.739991307258606,,,
14,14,inter_node,5,13,1,3,0.767465353012085,0.5274447725820175,0.7673476338386536,,,
14,14,inter_node,9,13,2,3,-0.8902348875999451,0.19871720444696436,-0.8902174234390259,,,
14,14,inter_node,2,6,0,1,-0.5733717679977417,0.7783349324031665,-0.5732743740081787,,,
14,14,inter_node,2,10,0,2,-0.602570652961731,0.8834153100632859,-0.6024726629257202,,,
14,14,inter_node,2,14,0,3,-0.5860081315040588,0.7797903025317683,-0.5858921408653259,,,
14,14,inter_node,6,10,1,2,0.8997563719749451,0.4740502362385786,0.8997299075126648,,,
14,14,inter_node,6,14,1,3,0.900795042514801,0.006565626890966626,0.9007775187492371,,,
14,14,inter_node,10,14,2,3,0.9039379358291626,0.47057422412774086,0.9039100408554077,,,
14,14,inter_node,3,7,0,1,-0.833675742149353,0.845762760263197,-0.8336608409881592,,,
14,14,inter_node,3,11,0,2,0.6778448820114136,0.2702867172752978,0.6778111457824707,,,
14,14,inter_node,3,15,0,3,0.8928086757659912,0.1514135452519835,0.892800509929657,,,
14,14,inter_node,7,11,1,2,-0.670272946357727,0.8874510374732606,-0.6702507138252258,,,
14,14,inter_node,7,15,1,3,-0.8427203893661499,0.818242161569026,-0.8427103757858276,,,
14,14,inter_node,11,15,2,3,0.7046279907226562,0.38077519243010793,0.7045575976371765,,,
14,14,cluster_edge,0,15,0,3,0.9353944063186646,0.15753085604415232,0.9354638457298279,,,
14,14,cluster_edge,1,14,0,3,0.8919119238853455,0.3060589527564523,0.8919760584831238,,,
14,14,cluster_edge,2,13,0,3,-0.5640066862106323,0.8305660254839342,-0.5638825297355652,,,
14,14,cluster_edge,3,12,0,3,0.8144561052322388,0.35131671870527,0.8145530819892883,,,
14,14,global_diversity,-1,-1,-1,-1,-0.05604860931634903,0.4716261327266693,-0.05604477599263191,120,4,
15,14,intra_node,0,1,0,0,0.8363990783691406,0.1837406900429596,0.8362827897071838,,,
15,14,intra_node,0,2,0,0,0.7435926198959351,0.6925387435949186,0.7434786558151245,,,
15,14,intra_node,0,3,0,0,0.7085614204406738,0.26774508078866704,0.7085577845573425,,,
15,14,intra_node,1,2,0,0,0.7487353682518005,0.6233289438116631,0.7486217617988586,,,
15,14,intra_node,1,3,0,0,0.7364286184310913,0.1029138531358725,0.7364105582237244,,,
15,14,intra_node,2,3,0,0,0.8161343336105347,0.5801171855066141,0.8161122798919678,,,
15,14,intra_node,4,5,1,1,-0.7199249267578125,0.7680449642104182,-0.7198658585548401,,,
15,14,intra_node,4,6,1,1,0.7479245662689209,0.25225668503303306,0.7477700710296631,,,
15,14,intra_node,4,7,1,1,0.7382573485374451,0.3266809570699891,0.7382878661155701,,,
15,14,intra_node,5,6,1,1,-0.824388861656189,0.6897932336582256,-0.8243409395217896,,,
15,14,intra_node,5,7,1,1,-0.6357237100601196,0.8438202572993624,-0.6356527209281921,,,
15,14,intra_node,6,7,1,1,0.6343680620193481,0.49653018680912814,0.6342949271202087,,,
15,14,intra_node,8,9,2,2,0.798413872718811,0.11358890890604648,0.7983388900756836,,,
15,14,intra_node,8,10,2,2,-0.6729292869567871,0.6676138952239734,-0.6728191375732422,,,
15,14,intra_node,8,11,2,2,0.8000775575637817,0.06466941933393001,0.8000048995018005,,,
15,14,intra_node,9,10,2,2,-0.6949500441551208,0.6250203679583745,-0.694825291633606,,,
15,14,intra_node,9,11,2,2,0.8806046843528748,0.1709125994582478,0.8805357217788696,,,
15,14,intra_node,10,11,2,2,-0.7318862676620483,0.6891091116145059,-0.7317773103713989,,,
15,14,intra_node,12,13,3,3,0.6662319302558899,0.11394200765121448,0.666006326675415,,,
15,14,intra_node,12,14,3,3,0.7381538152694702,0.5272675200132402,0.7379275560379028,,,
15,14,intra_node,12,15,3,3,0.5987456440925598,0.6150651555660107,0.5985348224639893,,,
15,14,intra_node,13,14,3,3,0.7905760407447815,0.4664768174669603,0.7904329299926758,,,
15,14,intra_node,13,15,3,3,0.8051818609237671,0.6589254045557273,0.8050898909568787,,,
15,14,intra_node,14,15,3,3,0.7120101451873779,0.8180287963574027,0.7118789553642273,,,
15,14,inter_node,0,4,0,1,-0.8322656154632568,0.2586402855093415,-0.8321130275726318,,,
15,14,inter_node,0,8,0,2,-0.6981385350227356,0.07477709602931455,-0.6980206966400146,,,
15,14,inter_node,0,12,0,3,0.7071211934089661,0.5292741588709988,0.7068907618522644,,,
15,14,inter_node,4,8,1,2,0.7133240699768066,0.31407701207207467,0.7132250070571899,,,
15,14,inter_node,4,12,1,3,-0.6739388704299927,0.36505068736786267,-0.6736641526222229,,,
15,14,inter_node,8,12,2,3,-0.6148731708526611,0.564473670296582,-0.6147078275680542,,,
15,14,inter_node,1,5,0,1,0.7179257273674011,0.7893290563305365,0.7178385853767395,,,
15,14,inter_node,1,9,0,2,-0.73530113697052,0.14800049690317738,-0.7351431250572205,,,
15,14,inter_node,1,13,0,3,0.7484710216522217,0.34915474179014677,0.7483099699020386,,,
15,14,inter_node,5,9,1,2,-0.9138873815536499,0.8205084606766784,-0.9138778448104858,,,
15,14,inter_node,5,13,1,3,0.7722159028053284,0.6763117791640475,0.7721522450447083,,,
15,14,inter_node,9,13,2,3,-0.8245282173156738,0.44548016341228186,-0.8244256377220154,,,
15,14,inter_node,2,6,0,1,-0.829504668712616,0.4453629519120939,-0.8294318914413452,,,
15,14,inter_node,2,10,0,2,0.7240835428237915,0.1441573747456412,0.7239834666252136,,,
15,14,inter_node,2,14,0,3,0.7317118644714355,0.6912280789777436,0.7316147089004517,,,
15,14,inter_node,6,10,1,2,-0.6791614294052124,0.3519403781471314,-0.6790315508842468,,,
15,14,inter_node,6,14,1,3,-0.7180699110031128,0.44329012624248965,-0.7178970575332642,,,
15,14,inter_node,10,14,2,3,0.8142058849334717,0.6392188097309497,0.8141995668411255,,,
15,14,inter_node,3,7,0,1,-0.647342324256897,0.3349501304870543,-0.6472874283790588,,,
15,14,inter_node,3,11,0,2,-0.8029735684394836,0.36631444560422144,-0.8029761910438538,,,
15,14,inter_node,3,15,0,3,0.8361199498176575,0.7525468608374677,0.8361068964004517,,,
15,14,inter_node,7,11,1,2,0.6844140887260437,0.047160846960449816,0.6843650937080383,,,
15,14,inter_node,7,15,1,3,-0.6864409446716309,0.8354313220893891,-0.6863806843757629,,,
15,14,inter_node,11,15,2,3,-0.8822424411773682,0.843192520322815,-0.8821902871131897,,,
15,14,cluster_edge,0,15,0,3,0.7183547019958496,0.8188012215739492,0.718212366104126,,,
15,14,cluster_edge,1,14,0,3,0.8310116529464722,0.18026109001624646,0.8308990001678467,,,
15,14,cluster_edge,2,13,0,3,0.8588685989379883,0.4212586610458395,0.8588114976882935,,,
15,14,cluster_edge,3,12,0,3,0.5960732102394104,0.35715578171056706,0.5960041284561157,,,
15,14,global_diversity,-1,-1,-1,-1,-0.0030522902961820364,0.43982619047164917,-0.0030517003033310175,120,4,
16,14,intra_node,0,1,0,0,0.8702900409698486,0.09028360724034797,0.8701777458190918,,,
16,14,intra_node,0,2,0,0,-0.8285423517227173,0.6817156690128958,-0.8287945985794067,,,
16,14,intra_node,0,3,0,0,-0.7775181531906128,0.7388638678993513,-0.7772607207298279,,,
16,14,intra_node,1,2,0,0,-0.8857631683349609,0.6501279590867005,-0.885970950126648,,,
16,14,intra_node,1,3,0,0,-0.7861367464065552,0.7129477558291718,-0.7859656810760498,,,
16,14,intra_node,2,3,0,0,0.7254471182823181,0.1795507768454079,0.7259074449539185,,,
16,14,intra_node,4,5,1,1,0.8224624991416931,0.5504918691986578,0.8224611878395081,,,
16,14,intra_node,4,6,1,1,0.7456486225128174,0.697619951859831,0.7456091642379761,,,
16,14,intra_node,4,7,1,1,-0.7342548370361328,0.42234022125655873,-0.7342346906661987,,,
16,14,intra_node,5,6,1,1,0.8334588408470154,0.32730905756673756,0.8333967328071594,,,
16,14,intra_node,5,7,1,1,-0.7901357412338257,0.7403372326179188,-0.790023148059845,,,
16,14,intra_node,6,7,1,1,-0.695571780204773,0.8253272082949188,-0.6954477429389954,,,
16,14,intra_node,8,9,2,2,-0.9052987098693848,0.5647893675855236,-0.9052535891532898,,,
16,14,intra_node,8,10,2,2,-0.813829779624939,0.5507936827231716,-0.8137560486793518,,,
16,14,intra_node,8,11,2,2,-0.8742620944976807,0.5665970539813168,-0.8742138743400574,,,
16,14,intra_node,9,10,2,2,0.7879221439361572,0.03115647381629957,0.7877848148345947,,,
16,14,intra_node,9,11,2,2,0.9061235189437866,0.004153589690041524,0.9060707092285156,,,
16,14,intra_node,10,11,2,2,0.7937809824943542,0.03518065229791966,0.7935801148414612,,,
16,14,intra_node,12,13,3,3,0.8414993286132812,0.2803266229953439,0.8414576053619385,,,
16,14,intra_node,12,14,3,3,0.8700604438781738,0.07608517703735959,0.8699787855148315,,,
16,14,intra_node,12,15,3,3,-0.8102931976318359,0.21353560616774167,-0.8102254271507263,,,
16,14,intra_node,13,14,3,3,0.8682872653007507,0.22106090397279304,0.8682471513748169,,,
16,14,intra_node,13,15,3,3,-0.8634361028671265,0.4340025137968188,-0.8633905053138733,,,
16,14,intra_node,14,15,3,3,-0.8397517204284668,0.27337388880604874,-0.8396919369697571,,,
16,14,inter_node,0,4,0,1,0.8380104899406433,0.6616308449268794,0.8381186127662659,,,
16,14,inter_node,0,8,0,2,0.8943639397621155,0.2775993565256745,0.8943427801132202,,,
16,14,inter_node,0,12,0,3,-0.8643255829811096,0.68959928671559,-0.8642185926437378,,,
16,14,inter_node,4,8,1,2,0.825685441493988,0.5316045768650447,0.8256790637969971,,,
16,14,inter_node,4,12,1,3,-0.8171456456184387,0.08265659375088935,-0.8171812891960144,,,
16,14,inter_node,8,12,2,3,-0.8878371119499207,0.5703205470698867,-0.8877869248390198,,,
16,14,inter_node,1,5,0,1,0.920046329498291,0.17253964618234005,0.9200118780136108,,,
16,14,inter_node,1,9,0,2,-0.9009429216384888,0.6544016977100359,-0.9008834362030029,,,
16,14,inter_node,1,13,0,3,-0.880879282951355,0.7544431084984697,-0.8808674812316895,,,
16,14,inter_node,5,9,1,2,-0.9043711423873901,0.5823385365891252,-0.9043205380439758,,,
16,14,inter_node,5,13,1,3,-0.9111595153808594,0.7032402937873669,-0.9111334085464478,,,
16,14,inter_node,9,13,2,3,0.8730446100234985,0.2894730967297896,0.8730067014694214,,,
16,14,inter_node,2,6,0,1,-0.8243889808654785,0.7155685443451716,-0.8244359493255615,,,
16,14,inter_node,2,10,0,2,0.7347988486289978,0.01917555848661242,0.7350262403488159,,,
16,14,inter_node,2,14,0,3,0.8234536647796631,0.09896971939450415,0.8235678672790527,,,
16,14,inter_node,6,10,1,2,-0.7098761200904846,0.7100077816005913,-0.7097766399383545,,,
16,14,inter_node,6,14,1,3,-0.8185821771621704,0.7437186456983004,-0.8185147047042847,,,
16,14,inter_node,10,14,2,3,0.8131438493728638,0.11624747823846364,0.813027024269104,,,
16,14,inter_node,3,7,0,1,0.813360869884491,0.2514928911568324,0.8133214116096497,,,
16,14,inter_node,3,11,0,2,0.7777261137962341,0.1659405949856862,0.7775110602378845,,,
16,14,inter_node,3,15,0,3,-0.7812336087226868,0.33835760985491203,-0.781304657459259,,,
16,14,inter_node,7,11,1,2,0.7937472462654114,0.3757006061492834,0.7936107516288757,,,
16,14,inter_node,7,15,1,3,-0.776106595993042,0.5047559674644171,-0.7760172486305237,,,
16,14,inter_node,11,15,2,3,-0.8552162051200867,0.20672030533156915,-0.8551890254020691,,,
16,14,cluster_edge,0,15,0,3,0.8406428098678589,0.6053213397597068,0.840621829032898,,,
16,14,cluster_edge,1,14,0,3,-0.8990879058837891,0.6847546967998722,-0.8990267515182495,,,
16,14,cluster_edge,2,13,0,3,0.8801732063293457,0.2981522877320144,0.880225419998169,,,
16,14,cluster_edge,3,12,0,3,0.7603136897087097,0.1587128478619887,0.7601375579833984,,,
16,14,global_diversity,-1,-1,-1,-1,-0.040867142379283905,0.40429216623306274,-0.04086202383041382,120,4,
17,14,intra_node,0,1,0,0,-0.7334983944892883,0.630524304009862,-0.7334190607070923,,,
17,14,intra_node,0,2,0,0,0.5827447175979614,0.7774557259605934,0.5826711654663086,,,
17,14,intra_node,0,3,0,0,0.7464755773544312,0.546840608500677,0.7464074492454529,,,
17,14,intra_node,1,2,0,0,-0.6357285976409912,0.39767547242039253,-0.6356663703918457,,,
17,14,intra_node,1,3,0,0,-0.8996327519416809,0.1846672430914632,-0.8996545076370239,,,
17,14,intra_node,2,3,0,0,0.6166284084320068,0.5089050823748866,0.6166017055511475,,,
17,14,intra_node,4,5,1,1,0.7966814637184143,0.3915870700484847,0.7965611219406128,,,
17,14,intra_node,4,6,1,1,0.8266193270683289,0.5161353419366895,0.8265424370765686,,,
17,14,intra_node,4,7,1,1,0.8012267351150513,0.38544809435313904,0.8011116981506348,,,
17,14,intra_node,5,6,1,1,0.8045670986175537,0.20471010025728764,0.8044790029525757,,,
17,14,intra_node,5,7,1,1,0.8896143436431885,0.009989352630652006,0.8895426392555237,,,
17,14,intra_node,6,7,1,1,0.8349066376686096,0.2126545315094135,0.8348336219787598,,,
17,14,intra_node,8,9,2,2,-0.8507823348045349,0.19909921043799694,-0.8507577180862427,,,
17,14,intra_node,8,10,2,2,0.658958911895752,0.6709731177179583,0.658719003200531,,,
17,14,intra_node,8,11,2,2,-0.7933928966522217,0.1165992330810585,-0.7932916283607483,,,
17,14,intra_node,9,10,2,2,-0.7348010540008545,0.5891789762599935,-0.7347405552864075,,,
17,14,intra_node,9,11,2,2,0.8525130748748779,0.29248362827494073,0.852474570274353,,,
17,14,intra_node,10,11,2,2,-0.7232086658477783,0.7093373998550961,-0.7230634689331055,,,
17,14,intra_node,12,13,3,3,-0.7699166536331177,0.04453939073130031,-0.7698954343795776,,,
17,14,intra_node,12,14,3,3,-0.6803139448165894,0.07608985835277869,-0.6802570819854736,,,
17,14,intra_node,12,15,3,3,0.8011435270309448,0.34020422623532,0.8011153340339661,,,
17,14,intra_node,13,14,3,3,0.6980655193328857,0.03302121229846075,0.6981537938117981,,,
17,14,intra_node,13,15,3,3,-0.7703591585159302,0.36959112800588567,-0.770501434803009,,,
17,14,intra_node,14,15,3,3,-0.6576528549194336,0.39040799320283653,-0.6576030254364014,,,
17,14,inter_node,0,4,0,1,-0.6854058504104614,0.7759570022529304,-0.6852931380271912,,,
17,14,inter_node,0,8,0,2,0.6597433686256409,0.6472301656855788,0.6596176624298096,,,
17,14,inter_node,0,12,0,3,-0.7336813807487488,0.6389174667563199,-0.7335978150367737,,,
17,14,inter_node,4,8,1,2,-0.7412577271461487,0.36490318628723306,-0.7411082983016968,,,
17,14,inter_node,4,12,1,3,0.830256998538971,0.3795241333485605,0.8301942348480225,,,
17,14,inter_node,8,12,2,3,-0.7635206580162048,0.023021603550258132,-0.7634277939796448,,,
17,14,inter_node,1,5,0,1,0.8364426493644714,0.0033399187481255883,0.83640056848526,,,
17,14,inter_node,1,9,0,2,0.8370614647865295,0.16117154059514432,0.8370175957679749,,,
17,14,inter_node,1,13,0,3,-0.7970177531242371,0.022330240043831114,-0.7970459461212158,,,
17,14,inter_node,5,9,1,2,0.8465951085090637,0.16397315949317193,0.8465750813484192,,,
17,14,inter_node,5,13,1,3,-0.7902036905288696,0.025595577604584165,-0.7900500297546387,,,
17,14,inter_node,9,13,2,3,-0.7894976139068604,0.1420124731663356,-0.7895541191101074,,,
17,14,inter_node,2,6,0,1,-0.573590099811554,0.5193721288107809,-0.573512077331543,,,
17,14,inter_node,2,10,0,2,0.621739387512207,0.7924339284870853,0.6217060685157776,,,
17,14,inter_node,2,14,0,3,0.5772242546081543,0.4305708728043968,0.5771654844284058,,,
17,14,inter_node,6,10,1,2,-0.7308085560798645,0.5681355910564794,-0.7306796312332153,,,
17,14,inter_node,6,14,1,3,-0.6509019136428833,0.155947863860993,-0.6508386135101318,,,
17,14,inter_node,10,14,2,3,0.6567807197570801,0.6354839231088117,0.6567542552947998,,,
17,14,inter_node,3,7,0,1,-0.9436763525009155,0.1955078322150287,-0.943645715713501,,,
17,14,inter_node,3,11,0,2,-0.9187291860580444,0.3123012608253686,-0.9187169075012207,,,
17,14,inter_node,3,15,0,3,-0.8486508727073669,0.4742672580917246,-0.8487342000007629,,,
17,14,inter_node,7,11,1,2,0.9295028448104858,0.1451765887689251,0.929473876953125,,,
17,14,inter_node,7,15,1,3,0.8564889430999756,0.34650359200414754,0.8565180897712708,,,
17,14,inter_node,11,15,2,3,0.864503800868988,0.2355188224726802,0.8645032644271851,,,
17,14,cluster_edge,0,15,0,3,-0.7364825010299683,0.7617592705855752,-0.7364373207092285,,,
17,14,cluster_edge,1,14,0,3,-0.6865401268005371,0.054614080745128926,-0.6864843368530273,,,
17,14,cluster_edge,2,13,0,3,0.6464680433273315,0.41112552370553235,0.6465305089950562,,,
17,14,cluster_edge,3,12,0,3,-0.8702977895736694,0.2031886792658041,-0.8702853322029114,,,
17,14,global_diversity,-1,-1,-1,-1,-0.01691490039229393,0.32235187292099,-0.016907691955566406,120,4,
18,14,intra_node,0,1,0,0,0.7051649689674377,0.16067856939680486,0.7049145698547363,,,
18,14,intra_node,0,2,0,0,0.7205987572669983,0.24489620239303606,0.720382809638977,,,
18,14,intra_node,0,3,0,0,0.7944995164871216,0.2891952597146434,0.7944111227989197,,,
18,14,intra_node,1,2,0,0,0.900955855846405,0.10034014374648637,0.9008767604827881,,,
18,14,intra_node,1,3,0,0,0.7224041223526001,0.4034063485041619,0.7222762703895569,,,
18,14,intra_node,2,3,0,0,0.7324743270874023,0.4632686412534955,0.7323494553565979,,,
18,14,intra_node,4,5,1,1,-0.7980449795722961,0.1752507193805926,-0.7978844046592712,,,
18,14,intra_node,4,6,1,1,0.8148110508918762,0.13863557503400875,0.8146475553512573,,,
18,14,intra_node,4,7,1,1,0.7830637693405151,0.03740979026496125,0.7829857468605042,,,
18,14,intra_node,5,6,1,1,-0.9003534317016602,0.04250830808113478,-0.9002784490585327,,,
18,14,intra_node,5,7,1,1,-0.8741969466209412,0.20610441698974233,-0.8741565942764282,,,
18,14,intra_node,6,7,1,1,0.9229073524475098,0.17085903751368545,0.9229068160057068,,,
18,14,intra_node,8,9,2,2,0.8954736590385437,0.29207477237341883,0.8953572511672974,,,
18,14,intra_node,8,10,2,2,-0.7893427610397339,0.34321329695253777,-0.7891983389854431,,,
18,14,intra_node,8,11,2,2,0.8100117444992065,0.18845365565165678,0.8098708987236023,,,
18,14,intra_node,9,10,2,2,-0.8178735971450806,0.07223718350957498,-0.8177724480628967,,,
18,14,intra_node,9,11,2,2,0.8493092656135559,0.1276835481342324,0.8492226004600525,,,
18,14,intra_node,10,11,2,2,-0.8940251469612122,0.1906972317460812,-0.8939587473869324,,,
18,14,intra_node,12,13,3,3,-0.887618362903595,0.3745020969814914,-0.8875252604484558,,,
18,14,intra_node,12,14,3,3,-0.8270708322525024,0.6250822606526896,-0.8269302845001221,,,
18,14,intra_node,12,15,3,3,-0.8244839310646057,0.600788084076877,-0.8243787288665771,,,
18,14,intra_node,13,14,3,3,0.8146156668663025,0.4006091186908159,0.8144561648368835,,,
18,14,intra_node,13,15,3,3,0.9059168100357056,0.3617693776484007,0.9058712124824524,,,
18,14,intra_node,14,15,3,3,0.7407395839691162,0.060855339249169464,0.7405768036842346,,,
18,14,inter_node,0,4,0,1,-0.8549094796180725,0.15959091893158805,-0.8547876477241516,,,
18,14,inter_node,0,8,0,2,-0.8296291828155518,0.39708328248029495,-0.82948237657547,,,
18,14,inter_node,0,12,0,3,0.7591974139213562,0.3829821157490995,0.759007453918457,,,
18,14,inter_node,4,8,1,2,0.9033111333847046,0.28259138186225086,0.9032155871391296,,,
18,14,inter_node,4,12,1,3,-0.8136942386627197,0.48145256689392496,-0.8135353326797485,,,
18,14,inter_node,8,12,2,3,-0.7701764702796936,0.6279896025764937,-0.7699729204177856,,,
18,14,inter_node,1,5,0,1,0.8726563453674316,0.14474208248535478,0.8725579977035522,,,
18,14,inter_node,1,9,0,2,-0.7998932003974915,0.2851774422846963,-0.7996824979782104,,,
18,14,inter_node,1,13,0,3,-0.9315018653869629,0.14914330977914916,-0.9314398169517517,,,
18,14,inter_node,5,9,1,2,-0.8174225091934204,0.16420234986826276,-0.8172850608825684,,,
18,14,inter_node,5,13,1,3,-0.9163457751274109,0.005146081905425961,-0.9162829518318176,,,
18,14,inter_node,9,13,2,3,0.8262133598327637,0.15987901848692965,0.8260431289672852,,,
18,14,inter_node,2,6,0,1,-0.9125843048095703,0.26326642909220205,-0.9125155210494995,,,
18,14,inter_node,2,10,0,2,0.8641478419303894,0.3068302069340843,0.8640594482421875,,,
18,14,inter_node,2,14,0,3,-0.7979631423950195,0.5411773045848163,-0.7978028655052185,,,
18,14,inter_node,6,10,1,2,-0.8628569841384888,0.05913097972202251,-0.8627674579620361,,,
18,14,inter_node,6,14,1,3,0.80491703748703,0.3772203228776102,0.804754376411438,,,
18,14,inter_node,10,14,2,3,-0.8137227296829224,0.33808036644846584,-0.8135976195335388,,,
18,14,inter_node,3,7,0,1,-0.7020113468170166,0.12134549796787363,-0.7018969655036926,,,
18,14,inter_node,3,11,0,2,-0.7574050426483154,0.043232718944799284,-0.7572938799858093,,,
18,14,inter_node,3,15,0,3,-0.664919376373291,0.08976102315184646,-0.6647680997848511,,,
18,14,inter_node,7,11,1,2,0.9238714575767517,0.08164240204464895,0.923852801322937,,,
18,14,inter_node,7,15,1,3,0.9026749134063721,0.20021442506725345,0.9026384353637695,,,
18,14,inter_node,11,15,2,3,0.8837649822235107,0.12911312901052435,0.8836982846260071,,,
18,14,cluster_edge,0,15,0,3,-0.6512603163719177,0.3529978204638395,-0.6510403156280518,,,
18,14,cluster_edge,1,14,0,3,-0.7952491044998169,0.49000425858070873,-0.7950689196586609,,,
18,14,cluster_edge,2,13,0,3,-0.9348156452178955,0.23451839238356897,-0.9347644448280334,,,
18,14,cluster_edge,3,12,0,3,0.7264101505279541,0.5614207630336184,0.7262817621231079,,,
18,14,global_diversity,-1,-1,-1,-1,-0.040882110595703125,0.25819671154022217,-0.04087570682168007,120,4,
19,14,intra_node,0,1,0,0,-0.9492507576942444,0.18274010486787054,-0.9492310285568237,,,
19,14,intra_node,0,2,0,0,0.9210354089736938,0.20260419457013784,0.9209719896316528,,,
19,14,intra_node,0,3,0,0,-0.9436702728271484,0.07125444923179501,-0.9436438679695129,,,
19,14,intra_node,1,2,0,0,-0.9321985244750977,0.348320387675591,-0.9321650862693787,,,
19,14,intra_node,1,3,0,0,0.9478271007537842,0.24097350857474498,0.9477985501289368,,,
19,14,intra_node,2,3,0,0,-0.9185538291931152,0.14142705203777062,-0.9185081720352173,,,
19,14,intra_node,4,5,1,1,-0.8829258680343628,0.10095379848456722,-0.8829354643821716,,,
19,14,intra_node,4,6,1,1,-0.8998488187789917,0.25117508482980083,-0.8997711539268494,,,
19,14,intra_node,4,7,1,1,-0.9106979370117188,0.3373181171465178,-0.9106541275978088,,,
19,14,intra_node,5,6,1,1,0.8933312892913818,0.16708961796626304,0.8933153748512268,,,
19,14,intra_node,5,7,1,1,0.8786701560020447,0.2629056418497011,0.8786331415176392,,,
19,14,intra_node,6,7,1,1,0.9009785056114197,0.11503761503066134,0.9009183049201965,,,
19,14,intra_node,8,9,2,2,-0.9008429646492004,0.09201643678209162,-0.9007534384727478,,,
19,14,intra_node,8,10,2,2,0.9008456468582153,0.11263376352433478,0.9007909297943115,,,
19,14,intra_node,8,11,2,2,0.8889133334159851,0.3921343351812348,0.8888113498687744,,,
19,14,intra_node,9,10,2,2,-0.8688809275627136,0.19428604272556038,-0.8688268661499023,,,
19,14,intra_node,9,11,2,2,-0.8390833139419556,0.33053230317905813,-0.8389121294021606,,,
19,14,intra_node,10,11,2,2,0.8481307029724121,0.46060053272699414,0.8480420708656311,,,
19,14,intra_node,12,13,3,3,-0.8497012853622437,0.36525532401263827,-0.8497188091278076,,,
19,14,intra_node,12,14,3,3,0.9145374298095703,0.10270136125537578,0.914480984210968,,,
19,14,intra_node,12,15,3,3,-0.7960928082466125,0.5010666599286006,-0.7959907650947571,,,
19,14,intra_node,13,14,3,3,-0.837960422039032,0.4304444662861428,-0.8379917144775391,,,
19,14,intra_node,13,15,3,3,0.6842465400695801,0.6833047187170874,0.6841858625411987,,,
19,14,intra_node,14,15,3,3,-0.8183977603912354,0.4439606631194295,-0.8183081746101379,,,
19,14,inter_node,0,4,0,1,-0.9166066646575928,0.12029939012862287,-0.9165351986885071,,,
19,14,inter_node,0,8,0,2,0.9024043083190918,0.08998471407181745,0.9023216366767883,,,
19,14,inter_node,0,12,0,3,-0.91326904296875,0.0794093569697733,-0.9132123589515686,,,
19,14,inter_node,4,8,1,2,-0.9209120273590088,0.03331227126133991,-0.9208404421806335,,,
19,14,inter_node,4,12,1,3,0.9222041964530945,0.044417172245261434,0.9221607446670532,,,
19,14,inter_node,8,12,2,3,-0.9284787774085999,0.011487578308676024,-0.9284342527389526,,,
19,14,inter_node,1,5,0,1,-0.9166237115859985,0.16476765376248642,-0.9166005253791809,,,
19,14,inter_node,1,9,0,2,0.8898013830184937,0.18456473959083858,0.8897730112075806,,,
19,14,inter_node,1,13,0,3,-0.8030679225921631,0.28500099795947315,-0.8030547499656677,,,
19,14,inter_node,5,9,1,2,-0.8396285772323608,0.023702489394157727,-0.839646577835083,,,
19,14,inter_node,5,13,1,3,0.7882807850837708,0.40280970596821,0.7882435321807861,,,
19,14,inter_node,9,13,2,3,-0.8067072033882141,0.4169646025787924,-0.8068232536315918,,,
19,14,inter_node,2,6,0,1,0.91451096534729,0.0632395341892546,0.9144461750984192,,,
19,14,inter_node,2,10,0,2,0.9242776036262512,0.3560894594409507,0.9242358207702637,,,
19,14,inter_node,2,14,0,3,-0.9384475946426392,0.18190545981737097,-0.9384011030197144,,,
19,14,inter_node,6,10,1,2,0.9229147434234619,0.3126198595478098,0.9228705763816833,,,
19,14,inter_node,6,14,1,3,-0.8957722783088684,0.1266769147067,-0.8956952691078186,,,
19,14,inter_node,10,14,2,3,-0.9116775393486023,0.2129142673225706,-0.9116256237030029,,,
19,14,inter_node,3,7,0,1,-0.884881854057312,0.1889017615178537,-0.8848161101341248,,,
19,14,inter_node,3,11,0,2,-0.8401691913604736,0.2807792984041527,-0.8400741219520569,,,
19,14,inter_node,3,15,0,3,-0.7885674834251404,0.416448455282514,-0.7884639501571655,,,
19,14,inter_node,7,11,1,2,0.8607407808303833,0.11327547333629354,0.8606580495834351,,,
19,14,inter_node,7,15,1,3,0.813239336013794,0.28054147200526686,0.8131475448608398,,,
19,14,inter_node,11,15,2,3,0.7454298138618469,0.1886335537580202,0.7453001737594604,,,
19,14,cluster_edge,0,15,0,3,0.7854698896408081,0.4580290991997217,0.7853626608848572,,,
19,14,cluster_edge,1,14,0,3,0.9240723252296448,0.20341772213889855,0.9240308403968811,,,
19,14,cluster_edge,2,13,0,3,0.8213934898376465,0.5340497275378902,0.8214274644851685,,,
19,14,cluster_edge,3,12,0,3,0.9067553281784058,0.14500553620683612,0.9067001938819885,,,
19,14,global_diversity,-1,-1,-1,-1,-0.007501604035496712,0.24395044147968292,-0.007501858286559582,120,4,
20,14,intra_node,0,1,0,0,0.8305405378341675,0.30617811888000845,0.8304134607315063,,,
20,14,intra_node,0,2,0,0,0.8628131151199341,0.31767872924093604,0.8626766204833984,,,
20,14,intra_node,0,3,0,0,0.8137760758399963,0.23191318785501605,0.8136403560638428,,,
20,14,intra_node,1,2,0,0,0.8621267676353455,0.5265905723937632,0.8620594143867493,,,
20,14,intra_node,1,3,0,0,0.7925506830215454,0.4670845631341097,0.7924122214317322,,,
20,14,intra_node,2,3,0,0,0.7926515936851501,0.11166126019845123,0.7925168871879578,,,
20,14,intra_node,4,5,1,1,-0.661376416683197,0.6891755143970243,-0.6616484522819519,,,
20,14,intra_node,4,6,1,1,-0.6647154688835144,0.5448591497261647,-0.664843738079071,,,
20,14,intra_node,4,7,1,1,0.7680870294570923,0.24072291373927998,0.7684842348098755,,,
20,14,intra_node,5,6,1,1,0.9413585662841797,0.31708066763076026,0.941340982913971,,,
20,14,intra_node,5,7,1,1,-0.7962857484817505,0.5906310209705907,-0.7960173487663269,,,
20,14,intra_node,6,7,1,1,-0.8125332593917847,0.4005602717246371,-0.812398374080658,,,
20,14,intra_node,8,9,2,2,0.7129510641098022,0.535594496500943,0.7130693793296814,,,
20,14,intra_node,8,10,2,2,0.7627896070480347,0.41221762109845694,0.7628675103187561,,,
20,14,intra_node,8,11,2,2,-0.7709354758262634,0.17579004357414052,-0.7710093855857849,,,
20,14,intra_node,9,10,2,2,0.8375633955001831,0.20990230369453192,0.8374315500259399,,,
20,14,intra_node,9,11,2,2,-0.8421832323074341,0.4365446572461639,-0.842060923576355,,,
20,14,intra_node,10,11,2,2,-0.9404518008232117,0.2868535810336136,-0.9404089450836182,,,
20,14,intra_node,12,13,3,3,-0.9497848749160767,0.19854224304488383,-0.9497801065444946,,,
20,14,intra_node,12,14,3,3,-0.818156361579895,0.032665500604708936,-0.8180152177810669,,,
20,14,intra_node,12,15,3,3,0.7983840703964233,0.47218372567824746,0.7983378767967224,,,
20,14,intra_node,13,14,3,3,0.816710352897644,0.22472226188934982,0.8166018724441528,,,
20,14,intra_node,13,15,3,3,-0.8020826578140259,0.5769775526976819,-0.8021635413169861,,,
20,14,intra_node,14,15,3,3,-0.8218684792518616,0.45436012604563797,-0.8218142986297607,,,
20,14,inter_node,0,4,0,1,-0.6672385931015015,0.6888430163230256,-0.6674354672431946,,,
20,14,inter_node,0,8,0,2,-0.7828517556190491,0.12742097841616465,-0.7829892039299011,,,
20,14,inter_node,0,12,0,3,-0.933621883392334,0.3831701791848676,-0.9335591793060303,,,
20,14,inter_node,4,8,1,2,0.629146933555603,0.6434053810826357,0.629140317440033,,,
20,14,inter_node,4,12,1,3,0.6523466110229492,0.4955545708445409,0.6525329351425171,,,
20,14,inter_node,8,12,2,3,0.796954870223999,0.29309574771175173,0.7970966100692749,,,
20,14,inter_node,1,5,0,1,0.8552398681640625,0.3054359172522215,0.8551427721977234,,,
20,14,inter_node,1,9,0,2,-0.8024067282676697,0.7188422122989998,-0.8022559285163879,,,
20,14,inter_node,1,13,0,3,0.8294668793678284,0.46601050037272274,0.8293842077255249,,,
20,14,inter_node,5,9,1,2,-0.856400728225708,0.5952025238784212,-0.8562423586845398,,,
20,14,inter_node,5,13,1,3,0.9330176711082458,0.2311875708937453,0.9329388737678528,,,
20,14,inter_node,9,13,2,3,-0.8259610533714294,0.47347693560033055,-0.8257662057876587,,,
20,14,inter_node,2,6,0,1,0.8739882111549377,0.0019433931278817628,0.8739292621612549,,,
20,14,inter_node,2,10,0,2,-0.8602516651153564,0.24832099618475154,-0.8601634502410889,,,
20,14,inter_node,2,14,0,3,0.7989423871040344,0.12551346191142193,0.7987965941429138,,,
20,14,inter_node,6,10,1,2,-0.9457054138183594,0.2497818039951391,-0.9456668496131897,,,
20,14,inter_node,6,14,1,3,0.8312937617301941,0.1272129330399684,0.831175684928894,,,
20,14,inter_node,10,14,2,3,-0.821058452129364,0.14043387625126624,-0.820929229259491,,,
20,14,inter_node,3,7,0,1,-0.862091064453125,0.4664575845332298,-0.8620210886001587,,,
20,14,inter_node,3,11,0,2,0.8330124020576477,0.06366271886728064,0.8328989148139954,,,
20,14,inter_node,3,15,0,3,-0.8492735028266907,0.5761249734206577,-0.8492292761802673,,,
20,14,inter_node,7,11,1,2,-0.8064246773719788,0.4301813820535634,-0.8062793612480164,,,
20,14,inter_node,7,15,1,3,0.8258252739906311,0.20554577425955026,0.8258683681488037,,,
20,14,inter_node,11,15,2,3,-0.8105076551437378,0.5473051910668706,-0.8104478716850281,,,
20,14,cluster_edge,0,15,0,3,-0.7996099591255188,0.6744271820868026,-0.7995659708976746,,,
20,14,cluster_edge,1,14,0,3,0.7774631977081299,0.5860098285541266,0.7773092985153198,,,
20,14,cluster_edge,2,13,0,3,0.8643485307693481,0.11344805855419456,0.8641290664672852,,,
20,14,cluster_edge,3,12,0,3,-0.8152559399604797,0.19692694749887243,-0.815121591091156,,,
20,14,global_diversity,-1,-1,-1,-1,-0.03393002972006798,0.35414764285087585,-0.03394239768385887,120,4,
21,14,intra_node,0,1,0,0,-0.9034130573272705,0.04254807201321312,-0.9033523797988892,,,
21,14,intra_node,0,2,0,0,0.799193799495697,0.5134022181932332,0.7990575432777405,,,
21,14,intra_node,0,3,0,0,-0.8800420761108398,0.020653769561136338,-0.8799614906311035,,,
21,14,intra_node,1,2,0,0,-0.7750247716903687,0.5341060156550173,-0.7748706340789795,,,
21,14,intra_node,1,3,0,0,0.8957736492156982,0.022356038928403828,0.8957077860832214,,,
21,14,intra_node,2,3,0,0,-0.7975329756736755,0.5234522966476303,-0.7973291277885437,,,
21,14,intra_node,4,5,1,1,-0.7620577812194824,0.48166413578485057,-0.7619266510009766,,,
21,14,intra_node,4,6,1,1,0.848868191242218,0.10718716581220017,0.848721444606781,,,
21,14,intra_node,4,7,1,1,0.7693130373954773,0.10005499066196306,0.7691302299499512,,,
21,14,intra_node,5,6,1,1,-0.7333112359046936,0.41943502112995007,-0.7331428527832031,,,
21,14,intra_node,5,7,1,1,-0.8489717245101929,0.5335262258386579,-0.8488839268684387,,,
21,14,intra_node,6,7,1,1,0.7623060941696167,0.19651754559974124,0.7621220946311951,,,
21,14,intra_node,8,9,2,2,0.822270393371582,0.3024057727580525,0.822130560874939,,,
21,14,intra_node,8,10,2,2,-0.8238056302070618,0.0876393971405079,-0.8236695528030396,,,
21,14,intra_node,8,11,2,2,-0.8505255579948425,0.06488119003155386,-0.8503990173339844,,,
21,14,intra_node,9,10,2,2,-0.9107300639152527,0.3635425102822353,-0.9106610417366028,,,
21,14,intra_node,9,11,2,2,-0.8285933136940002,0.2540047106255017,-0.828445553779602,,,
21,14,intra_node,10,11,2,2,0.8483668565750122,0.14683443879193767,0.848240852355957,,,
21,14,intra_node,12,13,3,3,0.8589639067649841,0.2889297279329525,0.8588675856590271,,,
21,14,intra_node,12,14,3,3,0.8608895540237427,0.2481686739244698,0.8607617616653442,,,
21,14,intra_node,12,15,3,3,0.8907775282859802,0.22501460276746182,0.8907028436660767,,,
21,14,intra_node,13,14,3,3,0.8978791236877441,0.05421568986922977,0.897813618183136,,,
21,14,intra_node,13,15,3,3,0.9034048318862915,0.08247268321923315,0.9033425450325012,,,
21,14,intra_node,14,15,3,3,0.9130268096923828,0.02987678379449579,0.9129698872566223,,,
21,14,inter_node,0,4,0,1,0.8918898701667786,0.18219863181368054,0.8918510675430298,,,
21,14,inter_node,0,8,0,2,0.8208171725273132,0.2425297456316376,0.8206940293312073,,,
21,14,inter_node,0,12,0,3,-0.8574561476707458,0.3389042887861244,-0.8573583364486694,,,
21,14,inter_node,4,8,1,2,0.7958195209503174,0.3805397896171138,0.7956407070159912,,,
21,14,inter_node,4,12,1,3,-0.8389728665351868,0.45935502286718455,-0.8388124704360962,,,
21,14,inter_node,8,12,2,3,-0.8138611912727356,0.12723211584704586,-0.8137061595916748,,,
21,14,inter_node,1,5,0,1,0.7902325987815857,0.39315133008627534,0.7901130318641663,,,
21,14,inter_node,1,9,0,2,-0.7856053113937378,0.4940758170895836,-0.7854594588279724,,,
21,14,inter_node,1,13,0,3,0.9053775072097778,0.10983852349006903,0.9053186774253845,,,
21,14,inter_node,5,9,1,2,-0.8147537708282471,0.16630915087554965,-0.8146432042121887,,,
21,14,inter_node,5,13,1,3,0.8293763399124146,0.31827125086000685,0.829278290271759,,,
21,14,inter_node,9,13,2,3,-0.828651487827301,0.4316489802569297,-0.8285337090492249,,,
21,14,inter_node,2,6,0,1,0.7383071184158325,0.5542847095382404,0.7380396723747253,,,
21,14,inter_node,2,10,0,2,-0.7942923307418823,0.4139008852175778,-0.7941152453422546,,,
21,14,inter_node,2,14,0,3,-0.7999124526977539,0.4466165044552259,-0.7997069358825684,,,
21,14,inter_node,6,10,1,2,-0.7676313519477844,0.2395223278451415,-0.7674407362937927,,,
21,14,inter_node,6,14,1,3,-0.8246474862098694,0.19456345545148812,-0.8244876861572266,,,
21,14,inter_node,10,14,2,3,0.821488618850708,0.05581926062077937,0.8213418126106262,,,
21,14,inter_node,3,7,0,1,-0.8081426620483398,0.24850248354017587,-0.8079954981803894,,,
21,14,inter_node,3,11,0,2,0.9120681285858154,0.3063048919226394,0.9119858741760254,,,
21,14,inter_node,3,15,0,3,0.9096487760543823,0.16457575194498705,0.9095885157585144,,,
21,14,inter_node,7,11,1,2,-0.8005075454711914,0.4786898490995342,-0.8003512620925903,,,
21,14,inter_node,7,15,1,3,-0.76728355884552,0.37218075239634174,-0.7671264410018921,,,
21,14,inter_node,11,15,2,3,0.9026864171028137,0.16964930130723163,0.9026249647140503,,,
21,14,cluster_edge,0,15,0,3,-0.8940851092338562,0.14695720258131442,-0.8940166234970093,,,
21,14,cluster_edge,1,14,0,3,0.9014583826065063,0.1580992420340671,0.9013977646827698,,,
21,14,cluster_edge,2,13,0,3,-0.794826865196228,0.4766185724284317,-0.7946864366531372,,,
21,14,cluster_edge,3,12,0,3,0.8593761324882507,0.35255840726339127,0.8592487573623657,,,
21,14,global_diversity,-1,-1,-1,-1,-0.033569470047950745,0.2699020504951477,-0.0335567444562912,120,4,
22,14,intra_node,0,1,0,0,-0.8435202836990356,0.0722886208030097,-0.8433641195297241,,,
22,14,intra_node,0,2,0,0,0.8365529179573059,0.24597538754566592,0.8363893628120422,,,
22,14,intra_node,0,3,0,0,0.8446449041366577,0.1481787150254816,0.8444898724555969,,,
22,14,intra_node,1,2,0,0,-0.9344924092292786,0.18722069238063702,-0.9344095587730408,,,
22,14,intra_node,1,3,0,0,-0.9352521896362305,0.08180356081021765,-0.9351690411567688,,,
22,14,intra_node,2,3,0,0,0.9201945066452026,0.11480890915177101,0.9200928807258606,,,
22,14,intra_node,4,5,1,1,-0.8816299438476562,0.3396262339055972,-0.881549060344696,,,
22,14,intra_node,4,6,1,1,-0.8056332468986511,0.10135504394427719,-0.8054900169372559,,,
22,14,intra_node,4,7,1,1,0.6283587217330933,0.5231427582611824,0.6281538605690002,,,
22,14,intra_node,5,6,1,1,0.7857841849327087,0.26514497005260595,0.7855629920959473,,,
22,14,intra_node,5,7,1,1,-0.6130712032318115,0.27789796290810076,-0.612832248210907,,,
22,14,intra_node,6,7,1,1,-0.5818825960159302,0.4693596859077581,-0.5816153883934021,,,
22,14,intra_node,8,9,2,2,-0.8495717644691467,0.49690707414339286,-0.8494842052459717,,,
22,14,intra_node,8,10,2,2,0.8601417541503906,0.4163844946709095,0.8600987792015076,,,
22,14,intra_node,8,11,2,2,-0.8613744378089905,0.0676326661426247,-0.8612937331199646,,,
22,14,intra_node,9,10,2,2,-0.9168422818183899,0.13797196739500278,-0.9167738556861877,,,
22,14,intra_node,9,11,2,2,0.9137978553771973,0.530932590036569,0.9137241244316101,,,
22,14,intra_node,10,11,2,2,-0.9674910306930542,0.4558559672984911,-0.9674869775772095,,,
22,14,intra_node,12,13,3,3,0.7976252436637878,0.3430734412003098,0.7974671721458435,,,
22,14,intra_node,12,14,3,3,0.9052708745002747,0.20594672516188467,0.9051705002784729,,,
22,14,intra_node,12,15,3,3,-0.8946282267570496,0.18498549176868917,-0.8945187330245972,,,
22,14,intra_node,13,14,3,3,0.8707021474838257,0.17269208551073773,0.8706183433532715,,,
22,14,intra_node,13,15,3,3,-0.880631685256958,0.4645953237357832,-0.8805708289146423,,,
22,14,intra_node,14,15,3,3,-0.9570139646530151,0.3528350606983515,-0.9569575786590576,,,
22,14,inter_node,0,4,0,1,-0.780742883682251,0.11263843849244601,-0.7805808186531067,,,
22,14,inter_node,0,8,0,2,0.7120367884635925,0.2770907012077268,0.7118496894836426,,,
22,14,inter_node,0,12,0,3,-0.7441842555999756,0.155433217195477,-0.7439393997192383,,,
22,14,inter_node,4,8,1,2,-0.8727073669433594,0.18532723283155286,-0.8726328015327454,,,
22,14,inter_node,4,12,1,3,0.8938530087471008,0.04822699174655053,0.8937827944755554,,,
22,14,inter_node,8,12,2,3,-0.9027993679046631,0.1440472044238658,-0.9027581214904785,,,
22,14,inter_node,1,5,0,1,-0.8875579237937927,0.3095979317741342,-0.8874402642250061,,,
22,14,inter_node,1,9,0,2,0.9128789901733398,0.3543795426474451,0.9128023982048035,,,
22,14,inter_node,1,13,0,3,0.8619900345802307,0.4019493963903503,0.8618971109390259,,,
22,14,inter_node,5,9,1,2,-0.8289127349853516,0.0648630891103596,-0.8287534713745117,,,
22,14,inter_node,5,13,1,3,-0.7822652459144592,0.5871046263641704,-0.782094419002533,,,
22,14,inter_node,9,13,2,3,0.836604654788971,0.6138862957775665,0.8364806771278381,,,
22,14,inter_node,2,6,0,1,0.8808693885803223,0.23638746130408067,0.8807322382926941,,,
22,14,inter_node,2,10,0,2,0.9395245909690857,0.3912646358771511,0.939446747303009,,,
22,14,inter_node,2,14,0,3,-0.9465290307998657,0.11059797169944752,-0.9464609026908875,,,
22,14,inter_node,6,10,1,2,0.8874733448028564,0.20282167555494343,0.887342631816864,,,
22,14,inter_node,6,14,1,3,-0.8935650587081909,0.32084145924811525,-0.8934423923492432,,,
22,14,inter_node,10,14,2,3,-0.9627948999404907,0.4585895324508628,-0.9627465009689331,,,
22,14,inter_node,3,7,0,1,-0.5843508839607239,0.542241667852652,-0.5840804576873779,,,
22,14,inter_node,3,11,0,2,-0.946923553943634,0.20873424106111743,-0.9468920826911926,,,
22,14,inter_node,3,15,0,3,0.9291068911552429,0.17798483221290096,0.9290111660957336,,,
22,14,inter_node,7,11,1,2,0.58002108335495,0.6377915059028316,0.5797686576843262,,,
22,14,inter_node,7,15,1,3,-0.5851497054100037,0.4431266598405313,-0.5848793387413025,,,
22,14,inter_node,11,15,2,3,-0.937324583530426,0.3495675444016682,-0.9372938275337219,,,
22,14,cluster_edge,0,15,0,3,0.8383724093437195,0.0349910453203937,0.8382121324539185,,,
22,14,cluster_edge,1,14,0,3,0.9598514437675476,0.27711243524261986,0.9598003029823303,,,
22,14,cluster_edge,2,13,0,3,-0.8703039288520813,0.2641906628241501,-0.8702174425125122,,,
22,14,cluster_edge,3,12,0,3,-0.879336953163147,0.00851646031621811,-0.8792070746421814,,,
22,14,global_diversity,-1,-1,-1,-1,-0.058257412165403366,0.2854870855808258,-0.05825216695666313,120,4,
23,14,intra_node,0,1,0,0,-0.9327307939529419,0.28907009571669706,-0.9326876997947693,,,
23,14,intra_node,0,2,0,0,0.9403136968612671,0.3209403302709067,0.9402438402175903,,,
23,14,intra_node,0,3,0,0,-0.9532665014266968,0.14380309150897871,-0.9532123804092407,,,
23,14,intra_node,1,2,0,0,-0.912921130657196,0.04482894074675111,-0.9128268361091614,,,
23,14,intra_node,1,3,0,0,0.9173562526702881,0.1696654154752087,0.9172599911689758,,,
23,14,intra_node,2,3,0,0,-0.9270880818367004,0.20688843536484874,-0.926996111869812,,,
23,14,intra_node,4,5,1,1,-0.9048818945884705,0.22697941641263392,-0.9048234224319458,,,
23,14,intra_node,4,6,1,1,0.8517956137657166,0.4904306626187033,0.8517066836357117,,,
23,14,intra_node,4,7,1,1,0.8423388004302979,0.5833565526786568,0.8422367572784424,,,
23,14,intra_node,5,6,1,1,-0.8882851600646973,0.34080754355009274,-0.8881860971450806,,,
23,14,intra_node,5,7,1,1,-0.9056456685066223,0.4610189480494545,-0.905562698841095,,,
23,14,intra_node,6,7,1,1,0.8841668367385864,0.1823616203783071,0.8840494155883789,,,
23,14,intra_node,8,9,2,2,0.9438395500183105,0.008136624545835917,0.9437837600708008,,,
23,14,intra_node,8,10,2,2,0.8139418363571167,0.3110037447898145,0.8137338161468506,,,
23,14,intra_node,8,11,2,2,-0.9620993137359619,0.005575621407685665,-0.9620643258094788,,,
23,14,intra_node,9,10,2,2,0.8306276202201843,0.30535165199067754,0.8304522633552551,,,
23,14,intra_node,9,11,2,2,-0.9459518790245056,0.013666879215517517,-0.9459114074707031,,,
23,14,intra_node,10,11,2,2,-0.8198094367980957,0.3148453270601797,-0.8195838928222656,,,
23,14,intra_node,12,13,3,3,0.9271301031112671,0.28017490701268954,0.9271164536476135,,,
23,14,intra_node,12,14,3,3,-0.8954964876174927,0.29959183467665695,-0.8955062031745911,,,
23,14,intra_node,12,15,3,3,-0.7254397869110107,0.4824360503786157,-0.7253435254096985,,,
23,14,intra_node,13,14,3,3,-0.9258303642272949,0.026974507909117405,-0.9257227778434753,,,
23,14,intra_node,13,15,3,3,-0.7334807515144348,0.6274444818369074,-0.7334597706794739,,,
23,14,intra_node,14,15,3,3,0.6968074440956116,0.6374939836081831,0.6968182921409607,,,
23,14,inter_node,0,4,0,1,0.8787290453910828,0.3317100664866805,0.8786666989326477,,,
23,14,inter_node,0,8,0,2,0.953264057636261,0.2257323523047323,0.9532124996185303,,,
23,14,inter_node,0,12,0,3,0.9141688942909241,0.29226580586974554,0.9141154885292053,,,
23,14,inter_node,4,8,1,2,0.9071220755577087,0.1368747803132521,0.9070802330970764,,,
23,14,inter_node,4,12,1,3,0.905933141708374,0.05573315652129632,0.9058741331100464,,,
23,14,inter_node,8,12,2,3,0.9416590929031372,0.08593081961135891,0.9416280388832092,,,
23,14,inter_node,1,5,0,1,0.9362725615501404,0.17765714858274764,0.9363113641738892,,,
23,14,inter_node,1,9,0,2,-0.9101234674453735,0.07427111399348822,-0.9100858569145203,,,
23,14,inter_node,1,13,0,3,-0.9405390620231628,0.2769246014924009,-0.9404610991477966,,,
23,14,inter_node,5,9,1,2,-0.9481431245803833,0.11168068335347611,-0.94809889793396,,,
23,14,inter_node,5,13,1,3,-0.9602488279342651,0.12071297602766597,-0.9602444171905518,,,
23,14,inter_node,9,13,2,3,0.9433507323265076,0.21891235172874057,0.9433058500289917,,,
23,14,inter_node,2,6,0,1,0.8897134065628052,0.4822187667453176,0.8895869851112366,,,
23,14,inter_node,2,10,0,2,0.8191377520561218,0.21440260175477327,0.8189228773117065,,,
23,14,inter_node,2,14,0,3,-0.9382419586181641,0.3279695380487797,-0.9381808042526245,,,
23,14,inter_node,6,10,1,2,0.7384277582168579,0.5932324102949167,0.7381343841552734,,,
23,14,inter_node,6,14,1,3,-0.8709805011749268,0.22952713817269518,-0.8708423376083374,,,
23,14,inter_node,10,14,2,3,-0.7990642786026001,0.4720546175495835,-0.7988056540489197,,,
23,14,inter_node,3,7,0,1,-0.9129738807678223,0.4662064866603802,-0.9128877520561218,,,
23,14,inter_node,3,11,0,2,0.9362542033195496,0.09061937938456993,0.9361687898635864,,,
23,14,inter_node,3,15,0,3,0.7167184352874756,0.5721805332820782,0.7166651487350464,,,
23,14,inter_node,7,11,1,2,-0.9066897034645081,0.5145785235587257,-0.9066022038459778,,,
23,14,inter_node,7,15,1,3,-0.6975672245025635,0.771632743785558,-0.6974690556526184,,,
23,14,inter_node,11,15,2,3,0.7154471278190613,0.529548511350075,0.715413510799408,,,
23,14,cluster_edge,0,15,0,3,-0.727959930896759,0.6337022952038379,-0.7278981804847717,,,
23,14,cluster_edge,1,14,0,3,0.9080906510353088,0.2964292045483324,0.9079101085662842,,,
23,14,cluster_edge,2,13,0,3,0.9486454725265503,0.30933930568753154,0.9485803246498108,,,
23,14,cluster_edge,3,12,0,3,-0.8970661759376526,0.17339786314157626,-0.8970074653625488,,,
23,14,global_diversity,-1,-1,-1,-1,0.0009133458370342851,0.2871844470500946,0.0009054581169039011,120,4,
24,14,intra_node,0,1,0,0,0.9277205467224121,0.17513992704592266,0.9276431798934937,,,
24,14,intra_node,0,2,0,0,-0.9370063543319702,0.7130000335963447,-0.9369486570358276,,,
24,14,intra_node,0,3,0,0,0.8677687644958496,0.46329165787832144,0.8676179647445679,,,
24,14,intra_node,1,2,0,0,-0.9657690525054932,0.6520622396283284,-0.9657145142555237,,,
24,14,intra_node,1,3,0,0,0.9016672372817993,0.3493340752940543,0.9015053510665894,,,
24,14,intra_node,2,3,0,0,-0.8975759744644165,0.46525897982299524,-0.8973978757858276,,,
24,14,intra_node,4,5,1,1,-0.9797754287719727,0.4011404746624009,-0.979752242565155,,,
24,14,intra_node,4,6,1,1,0.9591068029403687,0.051719085670221564,0.9590665698051453,,,
24,14,intra_node,4,7,1,1,-0.970278263092041,0.48219257232607227,-0.9702832698822021,,,
24,14,intra_node,5,6,1,1,-0.9534794688224792,0.43211294175776443,-0.9534534215927124,,,
24,14,intra_node,5,7,1,1,0.9621357917785645,0.13534409028223995,0.9621719121932983,,,
24,14,intra_node,6,7,1,1,-0.9520741105079651,0.5089730990386172,-0.9520359039306641,,,
24,14,intra_node,8,9,2,2,0.8118287920951843,0.4936596128463823,0.8116819262504578,,,
24,14,intra_node,8,10,2,2,-0.8668908476829529,0.332053988090425,-0.8667561411857605,,,
24,14,intra_node,8,11,2,2,0.8326431512832642,0.26460008796472184,0.8324862718582153,,,
24,14,intra_node,9,10,2,2,-0.7927659749984741,0.24194414200325387,-0.7926016449928284,,,
24,14,intra_node,9,11,2,2,0.7567620277404785,0.31147613853762907,0.7565849423408508,,,
24,14,intra_node,10,11,2,2,-0.8625705242156982,0.09172410687270703,-0.8623855710029602,,,
24,14,intra_node,12,13,3,3,0.923204243183136,0.20604959087699942,0.9231308102607727,,,
24,14,intra_node,12,14,3,3,-0.9467528462409973,0.3942335882242297,-0.946702241897583,,,
24,14,intra_node,12,15,3,3,-0.9403163194656372,0.46666727110370326,-0.9402813911437988,,,
24,14,intra_node,13,14,3,3,-0.913999080657959,0.5190515095376552,-0.9139094948768616,,,
24,14,intra_node,13,15,3,3,-0.9406089782714844,0.5765602616940989,-0.9405539035797119,,,
24,14,intra_node,14,15,3,3,0.9564993381500244,0.11957362024602561,0.9564669132232666,,,
24,14,inter_node,0,4,0,1,-0.9393506050109863,0.6420300238272846,-0.939283549785614,,,
24,14,inter_node,0,8,0,2,-0.8284974694252014,0.6217879530200684,-0.8283251523971558,,,
24,14,inter_node,0,12,0,3,0.9214681386947632,0.4813482151065871,0.9213928580284119,,,
24,14,inter_node,4,8,1,2,0.8470994234085083,0.053520428470884326,0.8469440340995789,,,
24,14,inter_node,4,12,1,3,-0.9509948492050171,0.30980672081118726,-0.950965404510498,,,
24,14,inter_node,8,12,2,3,-0.81839919090271,0.27077847219275036,-0.8182299733161926,,,
24,14,inter_node,1,5,0,1,0.9690279364585876,0.2753282043633697,0.9689790606498718,,,
24,14,inter_node,1,9,0,2,-0.7593021392822266,0.7678345205773556,-0.7591121792793274,,,
24,14,inter_node,1,13,0,3,0.9460054636001587,0.2080418768734536,0.9459590911865234,,,
24,14,inter_node,5,9,1,2,-0.7447293996810913,0.679626720923111,-0.7445325255393982,,,
24,14,inter_node,5,13,1,3,0.9558021426200867,0.0849619765553746,0.9557852149009705,,,
24,14,inter_node,9,13,2,3,-0.7360194325447083,0.7068462679490102,-0.7358039021492004,,,
24,14,inter_node,2,6,0,1,0.9580568075180054,0.15452993914262128,0.9580318331718445,,,
24,14,inter_node,2,10,0,2,-0.8711226582527161,0.11977262017831157,-0.8709493279457092,,,
24,14,inter_node,2,14,0,3,0.970413863658905,0.08651634702144406,0.9704131484031677,,,
24,14,inter_node,6,10,1,2,-0.8458826541900635,0.2557941036138261,-0.8457049131393433,,,
24,14,inter_node,6,14,1,3,0.9482226371765137,0.07445518253053385,0.9481677412986755,,,
24,14,inter_node,10,14,2,3,-0.8504636287689209,0.19592667762874122,-0.8502973914146423,,,
24,14,inter_node,3,7,0,1,0.9210377335548401,0.22364560006821252,0.9210248589515686,,,
24,14,inter_node,3,11,0,2,-0.9205209612846375,0.481772344025413,-0.9203758835792542,,,
24,14,inter_node,3,15,0,3,-0.903916597366333,0.4846102620826655,-0.9037626385688782,,,
24,14,inter_node,7,11,1,2,-0.9556649923324585,0.5976716791177927,-0.9557024240493774,,,
24,14,inter_node,7,15,1,3,-0.9646520018577576,0.5998749092881865,-0.9646610617637634,,,
24,14,inter_node,11,15,2,3,0.958044707775116,0.005476199551557061,0.9579819440841675,,,
24,14,cluster_edge,0,15,0,3,-0.9412118196487427,0.723386028215861,-0.9411508440971375,,,
24,14,cluster_edge,1,14,0,3,-0.9343204498291016,0.6191089361728956,-0.9342617988586426,,,
24,14,cluster_edge,2,13,0,3,-0.9371780157089233,0.5606614160379351,-0.9371290802955627,,,
24,14,cluster_edge,3,12,0,3,0.8856363296508789,0.03364314621398599,0.8855540752410889,,,
24,14,global_diversity,-1,-1,-1,-1,-0.06004544347524643,0.3891966938972473,-0.060038335621356964,120,4,
25,14,intra_node,0,1,0,0,0.9343053102493286,0.0030167595036066763,0.9343346357345581,,,
25,14,intra_node,0,2,0,0,0.9093063473701477,0.055101254825390286,0.909267246723175,,,
25,14,intra_node,0,3,0,0,-0.8385277986526489,0.43121045337702,-0.8384286165237427,,,
25,14,intra_node,1,2,0,0,0.95986008644104,0.05224209716489415,0.9598226547241211,,,
25,14,intra_node,1,3,0,0,-0.8561215996742249,0.4294893599818365,-0.8559556007385254,,,
25,14,intra_node,2,3,0,0,-0.828464925289154,0.3980418012748316,-0.8282805681228638,,,
25,14,intra_node,4,5,1,1,-0.8183368444442749,0.12369185129632096,-0.8181812763214111,,,
25,14,intra_node,4,6,1,1,-0.8495701551437378,0.12956327928781508,-0.849522054195404,,,
25,14,intra_node,4,7,1,1,0.8601655960083008,0.46610448367946283,0.8600376844406128,,,
25,14,intra_node,5,6,1,1,0.7802419662475586,0.2372292087090039,0.7802773714065552,,,
25,14,intra_node,5,7,1,1,-0.8544524312019348,0.3907445490375414,-0.8542174696922302,,,
25,14,intra_node,6,7,1,1,-0.8272610902786255,0.5352777375710128,-0.8272713422775269,,,
25,14,intra_node,8,9,2,2,0.7904695272445679,0.2960870351762864,0.79036545753479,,,
25,14,intra_node,8,10,2,2,0.8199344277381897,0.4278726125451683,0.8199238777160645,,,
25,14,intra_node,8,11,2,2,-0.821615993976593,0.04466330633279047,-0.8215852975845337,,,
25,14,intra_node,9,10,2,2,0.9249420762062073,0.18721856813915344,0.9249107241630554,,,
25,14,intra_node,9,11,2,2,-0.9169629812240601,0.32752611555583067,-0.9169079661369324,,,
25,14,intra_node,10,11,2,2,-0.9557858109474182,0.4534257133124426,-0.955722451210022,,,
25,14,intra_node,12,13,3,3,0.7900667190551758,0.529865516828055,0.78985995054245,,,
25,14,intra_node,12,14,3,3,0.8339653015136719,0.4179302924692586,0.8337705135345459,,,
25,14,intra_node,12,15,3,3,-0.8638225197792053,0.5045930233410505,-0.8636676073074341,,,
25,14,intra_node,13,14,3,3,0.7907853722572327,0.192305531297357,0.7905668020248413,,,
25,14,intra_node,13,15,3,3,-0.8349886536598206,0.0510136002876737,-0.8348214030265808,,,
25,14,intra_node,14,15,3,3,-0.8870236873626709,0.14888720328606841,-0.8868703246116638,,,
25,14,inter_node,0,4,0,1,-0.8018910884857178,0.13919311993159184,-0.8017597794532776,,,
25,14,inter_node,0,8,0,2,-0.785939633846283,0.14538877521192634,-0.7858335375785828,,,
25,14,inter_node,0,12,0,3,-0.9384806156158447,0.5528906947829195,-0.9384645223617554,,,
25,14,inter_node,4,8,1,2,0.8245669603347778,0.26434477791873723,0.8244879245758057,,,
25,14,inter_node,4,12,1,3,0.8154544234275818,0.6151252339265313,0.8152778148651123,,,
25,14,inter_node,8,12,2,3,0.8177021741867065,0.4768272493402429,0.817631185054779,,,
25,14,inter_node,1,5,0,1,0.9611489772796631,0.020652684787034966,0.961101233959198,,,
25,14,inter_node,1,9,0,2,-0.9356721043586731,0.3966077898032887,-0.9356426000595093,,,
25,14,inter_node,1,13,0,3,-0.8107737302780151,0.046098033867076546,-0.8105784058570862,,,
25,14,inter_node,5,9,1,2,-0.9272059798240662,0.4090694589234337,-0.9272235035896301,,,
25,14,inter_node,5,13,1,3,-0.8078880310058594,0.06579867049135271,-0.807706356048584,,,
25,14,inter_node,9,13,2,3,0.7664933800697327,0.3674484049520972,0.7662898898124695,,,
25,14,inter_node,2,6,0,1,0.7536804676055908,0.29200823563343653,0.7535815834999084,,,
25,14,inter_node,2,10,0,2,-0.9578546285629272,0.4825408650138263,-0.9578210711479187,,,
25,14,inter_node,2,14,0,3,-0.8889551162719727,0.1870694621217148,-0.8888309001922607,,,
25,14,inter_node,6,10,1,2,-0.7732323408126831,0.6336431940335432,-0.7732018828392029,,,
25,14,inter_node,6,14,1,3,-0.7915810346603394,0.4244518741800934,-0.7915738821029663,,,
25,14,inter_node,10,14,2,3,0.8841712474822998,0.3634645140325022,0.8839872479438782,,,
25,14,inter_node,3,7,0,1,0.8725506663322449,0.08293300828153477,0.872406005859375,,,
25,14,inter_node,3,11,0,2,-0.8493734002113342,0.3641722585635153,-0.8491991758346558,,,
25,14,inter_node,3,15,0,3,-0.8903969526290894,0.36976863071348026,-0.890274167060852,,,
25,14,inter_node,7,11,1,2,-0.8736777305603027,0.306672525368048,-0.8734954595565796,,,
25,14,inter_node,7,15,1,3,-0.8894880414009094,0.31277499356339555,-0.8893393874168396,,,
25,14,inter_node,11,15,2,3,0.8855863213539124,0.008801711195113075,0.8854341506958008,,,
25,14,cluster_edge,0,15,0,3,0.8508346080780029,0.09749089883148405,0.850760817527771,,,
25,14,cluster_edge,1,14,0,3,-0.8823458552360535,0.22953865826986183,-0.8821670413017273,,,
25,14,cluster_edge,2,13,0,3,-0.7668510675430298,0.0064409798029092715,-0.7666193842887878,,,
25,14,cluster_edge,3,12,0,3,0.8514883518218994,0.2139284066107403,0.8513298034667969,,,
25,14,global_diversity,-1,-1,-1,-1,-0.045132704079151154,0.2802300453186035,-0.045128658413887024,120,4,
26,14,intra_node,0,1,0,0,-0.8554639220237732,0.3391185469045693,-0.855298638343811,,,
26,14,intra_node,0,2,0,0,0.8133963346481323,0.18445411817011462,0.8132060766220093,,,
26,14,intra_node,0,3,0,0,0.8327919244766235,0.19009171871423794,0.8326060175895691,,,
26,14,intra_node,1,2,0,0,-0.899847686290741,0.18964528198882633,-0.8997451663017273,,,
26,14,intra_node,1,3,0,0,-0.8505401015281677,0.18400457389291688,-0.8503500819206238,,,
26,14,intra_node,2,3,0,0,0.8035396337509155,0.00691267121780313,0.8033294677734375,,,
26,14,intra_node,4,5,1,1,-0.8767005205154419,0.21558814785452382,-0.8765158653259277,,,
26,14,intra_node,4,6,1,1,0.9333382844924927,0.035830640692945635,0.9332740902900696,,,
26,14,intra_node,4,7,1,1,0.9486958980560303,0.17211934444600083,0.9486148357391357,,,
26,14,intra_node,5,6,1,1,-0.8620064854621887,0.18643768900804875,-0.8618487119674683,,,
26,14,intra_node,5,7,1,1,-0.8868089914321899,0.05250612285346207,-0.8866331577301025,,,
26,14,intra_node,6,7,1,1,0.9369873404502869,0.14135348985888277,0.936942994594574,,,
26,14,intra_node,8,9,2,2,-0.9280685186386108,0.02309483915460627,-0.9280248284339905,,,
26,14,intra_node,8,10,2,2,0.9474964141845703,0.010457253540938957,0.9474258422851562,,,
26,14,intra_node,8,11,2,2,0.9158400893211365,0.13896275067470046,0.9156977534294128,,,
26,14,intra_node,9,10,2,2,-0.9447129368782043,0.012771136627385861,-0.9446576833724976,,,
26,14,intra_node,9,11,2,2,-0.9103512167930603,0.1588482674539929,-0.9102594256401062,,,
26,14,intra_node,10,11,2,2,0.9215422868728638,0.1479668354990878,0.9214251041412354,,,
26,14,intra_node,12,13,3,3,-0.8313295245170593,0.3244284579610827,-0.8310909271240234,,,
26,14,intra_node,12,14,3,3,0.9082260131835938,0.005223873913903074,0.9080891609191895,,,
26,14,intra_node,12,15,3,3,0.8673765063285828,0.06046495251689362,0.8672479391098022,,,
26,14,intra_node,13,14,3,3,-0.8916411399841309,0.3208808250184653,-0.8914793133735657,,,
26,14,intra_node,13,15,3,3,-0.8240025043487549,0.36527685917223046,-0.8238227963447571,,,
26,14,intra_node,14,15,3,3,0.8188573718070984,0.06537296514263831,0.8186794519424438,,,
26,14,inter_node,0,4,0,1,0.8652920126914978,0.0213593895031863,0.8651406764984131,,,
26,14,inter_node,0,8,0,2,-0.8387652039527893,0.18556488353442985,-0.8385906219482422,,,
26,14,inter_node,0,12,0,3,0.9198266267776489,0.18874633777037467,0.9197412133216858,,,
26,14,inter_node,4,8,1,2,-0.9436995983123779,0.20296072041209084,-0.9436132907867432,,,
26,14,inter_node,4,12,1,3,0.8846971988677979,0.20607422072782358,0.8845279812812805,,,
26,14,inter_node,8,12,2,3,-0.8712374567985535,0.003906332342042775,-0.8710415363311768,,,
26,14,inter_node,1,5,0,1,0.8831424117088318,0.17547723564561174,0.8829773664474487,,,
26,14,inter_node,1,9,0,2,-0.8927935361862183,0.20728061796040875,-0.8926718235015869,,,
26,14,inter_node,1,13,0,3,0.8835660219192505,0.4496509252783793,0.8834040760993958,,,
26,14,inter_node,5,9,1,2,-0.8467231392860413,0.038571866890418076,-0.8465446829795837,,,
26,14,inter_node,5,13,1,3,0.8369661569595337,0.33252409937698807,0.8367325067520142,,,
26,14,inter_node,9,13,2,3,-0.9366726279258728,0.3057454034924375,-0.9366056323051453,,,
26,14,inter_node,2,6,0,1,0.9060619473457336,0.17221356188318168,0.9059661626815796,,,
26,14,inter_node,2,10,0,2,-0.9464503526687622,0.009107668058861373,-0.9464062452316284,,,
26,14,inter_node,2,14,0,3,0.9104635119438171,3.9333551145181107e-05,0.910392165184021,,,
26,14,inter_node,6,10,1,2,-0.9158859252929688,0.1646050620906502,-0.9157952070236206,,,
26,14,inter_node,6,14,1,3,0.9715726375579834,0.17224612166338263,0.9715725183486938,,,
26,14,inter_node,10,14,2,3,-0.9315520524978638,0.009146643373079149,-0.9314497113227844,,,
26,14,inter_node,3,7,0,1,0.8606765270233154,0.04260459581154598,0.8604965806007385,,,
26,14,inter_node,3,11,0,2,-0.8402999639511108,0.13415013941804918,-0.840090274810791,,,
26,14,inter_node,3,15,0,3,0.8558036088943481,0.05890424178188456,0.8556598424911499,,,
26,14,inter_node,7,11,1,2,-0.9425991773605347,0.17103932276162664,-0.9425033926963806,,,
26,14,inter_node,7,15,1,3,0.8497137427330017,0.09899924618072777,0.8495799899101257,,,
26,14,inter_node,11,15,2,3,-0.8115038275718689,0.0799556229842501,-0.811313271522522,,,
26,14,cluster_edge,0,15,0,3,0.7955467700958252,0.23779875193624503,0.7953470945358276,,,
26,14,cluster_edge,1,14,0,3,-0.9565690755844116,0.1896134066063077,-0.9565116763114929,,,
26,14,cluster_edge,2,13,0,3,-0.922784686088562,0.3208541117989367,-0.9227104187011719,,,
26,14,cluster_edge,3,12,0,3,0.8872597217559814,0.0016583973749537844,0.887116551399231,,,
26,14,global_diversity,-1,-1,-1,-1,-0.005047940649092197,0.14009615778923035,-0.005051175598055124,120,4,
27,14,intra_node,0,1,0,0,0.8501179814338684,0.21216056485628787,0.8499122262001038,,,
27,14,intra_node,0,2,0,0,0.8926960825920105,0.3142532503503058,0.8926047682762146,,,
27,14,intra_node,0,3,0,0,0.8819684982299805,0.016365871715699705,0.8818082213401794,,,
27,14,intra_node,1,2,0,0,0.9148371815681458,0.12958565024787683,0.9147937893867493,,,
27,14,intra_node,1,3,0,0,0.8320723176002502,0.22505424398441917,0.8318003416061401,,,
27,14,intra_node,2,3,0,0,0.8383146524429321,0.32547609368453073,0.8381787538528442,,,
27,14,intra_node,4,5,1,1,-0.9621948599815369,0.39646134237304825,-0.9621249437332153,,,
27,14,intra_node,4,6,1,1,-0.9012881517410278,0.4129623848089484,-0.9011068344116211,,,
27,14,intra_node,4,7,1,1,0.921791136264801,0.32188629691162746,0.921723484992981,,,
27,14,intra_node,5,6,1,1,0.8841657042503357,0.027340489672659094,0.8839528560638428,,,
27,14,intra_node,5,7,1,1,-0.9113223552703857,0.5907321659196023,-0.911238968372345,,,
27,14,intra_node,6,7,1,1,-0.857709527015686,0.601921748910629,-0.8575457334518433,,,
27,14,intra_node,8,9,2,2,0.8625404834747314,0.18197530959599947,0.8624743819236755,,,
27,14,intra_node,8,10,2,2,-0.8880493640899658,0.5307851641536716,-0.8878688216209412,,,
27,14,intra_node,8,11,2,2,-0.9623788595199585,0.35867123036965215,-0.9623140692710876,,,
27,14,intra_node,9,10,2,2,-0.9524407982826233,0.6161706791738433,-0.952462375164032,,,
27,14,intra_node,9,11,2,2,-0.8899186253547668,0.47537723177595614,-0.8899182677268982,,,
27,14,intra_node,10,11,2,2,0.9164740443229675,0.26837082933800605,0.9163389801979065,,,
27,14,intra_node,12,13,3,3,-0.8469241261482239,0.35972168920239067,-0.8467363715171814,,,
27,14,intra_node,12,14,3,3,-0.8360723257064819,0.22972970009053456,-0.8358694314956665,,,
27,14,intra_node,12,15,3,3,-0.8467191457748413,0.4888957146136278,-0.8465445637702942,,,
27,14,intra_node,13,14,3,3,0.9004372954368591,0.16876152323039695,0.9002704620361328,,,
27,14,intra_node,13,15,3,3,0.9096442461013794,0.20174668301714319,0.9095396399497986,,,
27,14,intra_node,14,15,3,3,0.8460809588432312,0.336461128714887,0.8458879590034485,,,
27,14,inter_node,0,4,0,1,-0.8661814332008362,0.28612268909048466,-0.8659994602203369,,,
27,14,inter_node,0,8,0,2,-0.8866564631462097,0.293571357641631,-0.8865036964416504,,,
27,14,inter_node,0,12,0,3,-0.8267272114753723,0.17836122013214928,-0.826521098613739,,,
27,14,inter_node,4,8,1,2,0.9446618556976318,0.010434101822981861,0.9445648789405823,,,
27,14,inter_node,4,12,1,3,0.8774135112762451,0.13115431208793155,0.8772752285003662,,,
27,14,inter_node,8,12,2,3,0.8479366302490234,0.1402199364640648,0.847750723361969,,,
27,14,inter_node,1,5,0,1,0.8818369507789612,0.06812813018433381,0.881637692451477,,,
27,14,inter_node,1,9,0,2,-0.8902979493141174,0.5447264422796799,-0.8902541399002075,,,
27,14,inter_node,1,13,0,3,0.8819037675857544,0.010877352162075303,0.8817131519317627,,,
27,14,inter_node,5,9,1,2,-0.8748865127563477,0.5114418918875855,-0.8748520016670227,,,
27,14,inter_node,5,13,1,3,0.8798258304595947,0.07826442868225039,0.8796198964118958,,,
27,14,inter_node,9,13,2,3,-0.9032576084136963,0.5496786130970848,-0.9032328128814697,,,
27,14,inter_node,2,6,0,1,0.917102575302124,0.16608572783612222,0.9170855283737183,,,
27,14,inter_node,2,10,0,2,0.9406039714813232,0.03141067550304865,0.9405866265296936,,,
27,14,inter_node,2,14,0,3,0.8458229303359985,0.2685215530876066,0.8457031846046448,,,
27,14,inter_node,6,10,1,2,0.9383360147476196,0.1922795384364228,0.9382374882698059,,,
27,14,inter_node,6,14,1,3,0.8860181570053101,0.12283735711307515,0.8858164548873901,,,
27,14,inter_node,10,14,2,3,0.8800153136253357,0.2914977852210458,0.8798210024833679,,,
27,14,inter_node,3,7,0,1,-0.9586968421936035,0.5078556417150828,-0.9586656093597412,,,
27,14,inter_node,3,11,0,2,0.9502847790718079,0.10701120051843742,0.9502024054527283,,,
27,14,inter_node,3,15,0,3,0.8443863391876221,0.3881257426782446,0.8441901206970215,,,
27,14,inter_node,7,11,1,2,-0.9378455877304077,0.5605206003235278,-0.9378104209899902,,,
27,14,inter_node,7,15,1,3,-0.8477694392204285,0.6988695362793244,-0.8475978970527649,,,
27,14,inter_node,11,15,2,3,0.8938433527946472,0.31480186797752924,0.8937312960624695,,,
27,14,cluster_edge,0,15,0,3,0.886740505695343,0.3779452748462332,0.8866047859191895,,,
27,14,cluster_edge,1,14,0,3,0.8289980888366699,0.15962041857340242,0.8287147879600525,,,
27,14,cluster_edge,2,13,0,3,0.8999277353286743,0.12001372968790094,0.8998693823814392,,,
27,14,cluster_edge,3,12,0,3,-0.8326442837715149,0.16469065454144954,-0.8324355483055115,,,
27,14,global_diversity,-1,-1,-1,-1,0.07744628936052322,0.3055824637413025,0.077430859208107,120,4,
28,14,intra_node,0,1,0,0,0.8845857977867126,0.17063013841352298,0.8844322562217712,,,
28,14,intra_node,0,2,0,0,0.9608468413352966,0.02897582859659231,0.96077960729599,,,
28,14,intra_node,0,3,0,0,-0.9037929773330688,0.28882509417618174,-0.9036655426025391,,,
28,14,intra_node,1,2,0,0,0.8738512396812439,0.1458813425954162,0.8736758828163147,,,
28,14,intra_node,1,3,0,0,-0.9071983098983765,0.41017296679312404,-0.9070769548416138,,,
28,14,intra_node,2,3,0,0,-0.8905655741691589,0.3094319763495304,-0.8904111385345459,,,
28,14,intra_node,4,5,1,1,-0.8931562900543213,0.5611430231899609,-0.8930179476737976,,,
28,14,intra_node,4,6,1,1,0.8782784342765808,0.32384371524840655,0.8780921697616577,,,
28,14,intra_node,4,7,1,1,0.7395620942115784,0.6009535085460791,0.7398388385772705,,,
28,14,intra_node,5,6,1,1,-0.9235536456108093,0.3509533421385463,-0.9234718680381775,,,
28,14,intra_node,5,7,1,1,-0.6773906946182251,0.8248756631538792,-0.6775716543197632,,,
28,14,intra_node,6,7,1,1,0.7008877396583557,0.7301822068953584,0.701262354850769,,,
28,14,intra_node,8,9,2,2,0.8255189657211304,0.05686824492218155,0.8252626061439514,,,
28,14,intra_node,8,10,2,2,0.9012919068336487,0.005214980912186718,0.9011546969413757,,,
28,14,intra_node,8,11,2,2,0.8705946207046509,0.01995553065225046,0.8704313635826111,,,
28,14,intra_node,9,10,2,2,0.9201239943504333,0.061786659022589535,0.9199869632720947,,,
28,14,intra_node,9,11,2,2,0.9283768534660339,0.07568893956974773,0.9282925128936768,,,
28,14,intra_node,10,11,2,2,0.9639625549316406,0.014817824411530005,0.9639529585838318,,,
28,14,intra_node,12,13,3,3,0.9034485220909119,0.08713576303003608,0.903277575969696,,,
28,14,intra_node,12,14,3,3,-0.8704348802566528,0.5665667402089792,-0.8703994750976562,,,
28,14,intra_node,12,15,3,3,-0.899975061416626,0.454433080590626,-0.8997877240180969,,,
28,14,intra_node,13,14,3,3,-0.8164978623390198,0.6043342780234656,-0.816394567489624,,,
28,14,intra_node,13,15,3,3,-0.950222909450531,0.501971470397308,-0.9501346945762634,,,
28,14,intra_node,14,15,3,3,0.8538780808448792,0.2055360316562964,0.8538693189620972,,,
28,14,inter_node,0,4,0,1,0.9029490947723389,0.03585789696697111,0.9028047323226929,,,
28,14,inter_node,0,8,0,2,0.9020909070968628,0.0918118380196866,0.9019546508789062,,,
28,14,inter_node,0,12,0,3,-0.9087110757827759,0.42519479017265605,-0.9085429310798645,,,
28,14,inter_node,4,8,1,2,0.836105465888977,0.058034952396222306,0.8358761668205261,,,
28,14,inter_node,4,12,1,3,-0.9608837366104126,0.44580609616272315,-0.9608305096626282,,,
28,14,inter_node,8,12,2,3,-0.8342322111129761,0.4779687129901961,-0.8339850306510925,,,
28,14,inter_node,1,5,0,1,-0.8591960072517395,0.6224884807247826,-0.8590192794799805,,,
28,14,inter_node,1,9,0,2,0.8787939548492432,0.1387191708587178,0.8786261677742004,,,
28,14,inter_node,1,13,0,3,-0.8476399779319763,0.5648137766747847,-0.8474245667457581,,,
28,14,inter_node,5,9,1,2,-0.917212724685669,0.5616859141615801,-0.9171085357666016,,,
28,14,inter_node,5,13,1,3,0.9465097188949585,0.13252879102953002,0.9464538097381592,,,
28,14,inter_node,9,13,2,3,-0.9374450445175171,0.494722036528891,-0.9373395442962646,,,
28,14,inter_node,2,6,0,1,0.9424870014190674,0.31901729623187036,0.9423859119415283,,,
28,14,inter_node,2,10,0,2,0.9697873592376709,0.06958858012240253,0.9697368741035461,,,
28,14,inter_node,2,14,0,3,0.8386030793190002,0.22344629236329078,0.8385207653045654,,,
28,14,inter_node,6,10,1,2,0.9435648918151855,0.3664059156750092,0.9434559941291809,,,
28,14,inter_node,6,14,1,3,0.8459864854812622,0.4711803565523881,0.8459374308586121,,,
28,14,inter_node,10,14,2,3,0.8453145027160645,0.16536524483021647,0.8452703952789307,,,
28,14,inter_node,3,7,0,1,-0.7339382171630859,0.7263843279734061,-0.7341823577880859,,,
28,14,inter_node,3,11,0,2,-0.8791934847831726,0.3670082601543118,-0.879042387008667,,,
28,14,inter_node,3,15,0,3,-0.8974802494049072,0.3250000245333632,-0.8973502516746521,,,
28,14,inter_node,7,11,1,2,0.6634750366210938,0.5677421128855547,0.6636397242546082,,,
28,14,inter_node,7,15,1,3,0.7038089632987976,0.594643434116513,0.7042471766471863,,,
28,14,inter_node,11,15,2,3,0.9434360861778259,0.06223442540410131,0.9434100389480591,,,
28,14,cluster_edge,0,15,0,3,0.9692413210868835,0.05086643252024861,0.9691802859306335,,,
28,14,cluster_edge,1,14,0,3,0.9060100317001343,0.09081285029362512,0.9059632420539856,,,
28,14,cluster_edge,2,13,0,3,-0.9751458764076233,0.4904850519860805,-0.975102961063385,,,
28,14,cluster_edge,3,12,0,3,0.9529826641082764,0.19175268260977932,0.9529256224632263,,,
28,14,global_diversity,-1,-1,-1,-1,0.16668950021266937,0.32107532024383545,0.1666918247938156,120,4,
29,14,intra_node,0,1,0,0,0.9512999653816223,0.00746429983199921,0.9512100219726562,,,
29,14,intra_node,0,2,0,0,0.9503618478775024,0.11263423592581612,0.9502764344215393,,,
29,14,intra_node,0,3,0,0,-0.9254568219184875,0.29477824993686247,-0.9253702759742737,,,
29,14,intra_node,1,2,0,0,0.9344656467437744,0.1059608597212326,0.934328019618988,,,
29,14,intra_node,1,3,0,0,-0.8985567092895508,0.28947467587939785,-0.8984406590461731,,,
29,14,intra_node,2,3,0,0,-0.9527618288993835,0.20526373834253434,-0.9527652263641357,,,
29,14,intra_node,4,5,1,1,-0.9061750173568726,0.439504643772077,-0.906113862991333,,,
29,14,intra_node,4,6,1,1,-0.9569900631904602,0.5036476634388883,-0.956939160823822,,,
29,14,intra_node,4,7,1,1,-0.94035804271698,0.16972866153655553,-0.9402889013290405,,,
29,14,intra_node,5,6,1,1,0.8957553505897522,0.11443987707317939,0.8957188725471497,,,
29,14,intra_node,5,7,1,1,0.8795076608657837,0.32492508140144505,0.8794675469398499,,,
29,14,intra_node,6,7,1,1,0.9566951990127563,0.4021805721010503,0.9566206932067871,,,
29,14,intra_node,8,9,2,2,-0.9688602685928345,0.04601254416758839,-0.9687924385070801,,,
29,14,intra_node,8,10,2,2,0.962029755115509,0.028761411179860398,0.9619486331939697,,,
29,14,intra_node,8,11,2,2,-0.8593500852584839,0.33075354352731706,-0.8591515421867371,,,
29,14,intra_node,9,10,2,2,-0.9593467712402344,0.07345056964521329,-0.9592603445053101,,,
29,14,intra_node,9,11,2,2,0.8482139110565186,0.2984745738729604,0.8480075597763062,,,
29,14,intra_node,10,11,2,2,-0.8460443615913391,0.35000201604259246,-0.8458206057548523,,,
29,14,intra_node,12,13,3,3,0.9592126607894897,0.10660349183901906,0.9591332077980042,,,
29,14,intra_node,12,14,3,3,0.8667574524879456,0.21428926092006434,0.8664814829826355,,,
29,14,intra_node,12,15,3,3,-0.8200901746749878,0.09761664040652,-0.8199304938316345,,,
29,14,intra_node,13,14,3,3,0.9003223180770874,0.2980487692814019,0.9001143574714661,,,
29,14,intra_node,13,15,3,3,-0.8505699634552002,0.19381385751661015,-0.8504585027694702,,,
29,14,intra_node,14,15,3,3,-0.8061997890472412,0.12929385196786528,-0.806080162525177,,,
29,14,inter_node,0,4,0,1,-0.9469627737998962,0.4007230622261752,-0.9469015598297119,,,
29,14,inter_node,0,8,0,2,-0.9539288282394409,0.13657325054078687,-0.9538460373878479,,,
29,14,inter_node,0,12,0,3,0.9376875162124634,0.03387652216402587,0.9375726580619812,,,
29,14,inter_node,4,8,1,2,0.9402784109115601,0.3059319297796047,0.9402315020561218,,,
29,14,inter_node,4,12,1,3,-0.9320187568664551,0.37970978708006464,-0.9319411516189575,,,
29,14,inter_node,8,12,2,3,-0.9549702405929565,0.10629772563522834,-0.9548816680908203,,,
29,14,inter_node,1,5,0,1,0.8955694437026978,0.07169521173105096,0.8955757021903992,,,
29,14,inter_node,1,9,0,2,0.9711498618125916,0.0881220832084422,0.9710948467254639,,,
29,14,inter_node,1,13,0,3,0.9512654542922974,0.08217950489993935,0.9511678814888,,,
29,14,inter_node,5,9,1,2,0.9020977020263672,0.1534993635256826,0.9021807312965393,,,
29,14,inter_node,5,13,1,3,0.8869636654853821,0.011294020349112826,0.8869525194168091,,,
29,14,inter_node,9,13,2,3,0.9636436104774475,0.16305975893956048,0.9635747671127319,,,
29,14,inter_node,2,6,0,1,0.960381031036377,0.26503751000545334,0.9603275060653687,,,
29,14,inter_node,2,10,0,2,-0.9378650188446045,0.05496311482192826,-0.9377294182777405,,,
29,14,inter_node,2,14,0,3,0.8656919002532959,0.14455388911136674,0.8653627038002014,,,
29,14,inter_node,6,10,1,2,-0.9459717869758606,0.30543333773283393,-0.9458810091018677,,,
29,14,inter_node,6,14,1,3,0.8885992765426636,0.371279196285139,0.8884104490280151,,,
29,14,inter_node,10,14,2,3,-0.8879509568214417,0.09480135187798203,-0.8876997232437134,,,
29,14,inter_node,3,7,0,1,-0.9450628757476807,0.022946872420044496,-0.9450086355209351,,,
29,14,inter_node,3,11,0,2,-0.7894890904426575,0.4533790416467589,-0.7892188429832458,,,
29,14,inter_node,3,15,0,3,0.8131778836250305,0.19108668531977613,0.8129908442497253,,,
29,14,inter_node,7,11,1,2,0.8239904046058655,0.44054121221928205,0.8237291574478149,,,
29,14,inter_node,7,15,1,3,-0.8570331931114197,0.17208871058648978,-0.8569186329841614,,,
29,14,inter_node,11,15,2,3,-0.8130422830581665,0.32425273705708635,-0.8128534555435181,,,
29,14,cluster_edge,0,15,0,3,-0.8499354124069214,0.12818625028823666,-0.8498082756996155,,,
29,14,cluster_edge,1,14,0,3,0.8808512687683105,0.2351976944663112,0.8805935382843018,,,
29,14,cluster_edge,2,13,0,3,0.9674122929573059,0.1794325536305091,0.9673488736152649,,,
29,14,cluster_edge,3,12,0,3,-0.9543124437332153,0.2700500854789617,-0.954278826713562,,,
29,14,global_diversity,-1,-1,-1,-1,0.07662520557641983,0.19988767802715302,0.07660852372646332,120,4,
30,14,intra_node,0,1,0,0,0.961237907409668,0.14542448623641321,0.9612001776695251,,,
30,14,intra_node,0,2,0,0,0.9559834003448486,0.23977572884387774,0.9559284448623657,,,
30,14,intra_node,0,3,0,0,0.9615821838378906,0.29544667049751533,0.9615374803543091,,,
30,14,intra_node,1,2,0,0,0.9735909700393677,0.11040714493671562,0.9735783934593201,,,
30,14,intra_node,1,3,0,0,0.9726160764694214,0.17555170004859846,0.9725703001022339,,,
30,14,intra_node,2,3,0,0,0.9700518846511841,0.0732296294210328,0.9700239896774292,,,
30,14,intra_node,4,5,1,1,0.8398773670196533,0.37453742016790054,0.8396173119544983,,,
30,14,intra_node,4,6,1,1,-0.854289174079895,0.6627755482915068,-0.8541420698165894,,,
30,14,intra_node,4,7,1,1,-0.9782023429870605,0.5185440461296765,-0.9781612753868103,,,
30,14,intra_node,5,6,1,1,-0.8113815188407898,0.46083992458986356,-0.8111645579338074,,,
30,14,intra_node,5,7,1,1,-0.82435542345047,0.23024019438610296,-0.8240650296211243,,,
30,14,intra_node,6,7,1,1,0.8647862076759338,0.2995736183183184,0.8646717667579651,,,
30,14,intra_node,8,9,2,2,0.8826655745506287,0.24984179837287035,0.882591962814331,,,
30,14,intra_node,8,10,2,2,0.8958407640457153,0.5658350939346252,0.8957976698875427,,,
30,14,intra_node,8,11,2,2,-0.9122376441955566,0.352335416971322,-0.9121859669685364,,,
30,14,intra_node,9,10,2,2,0.8918569684028625,0.42123554055177964,0.8916650414466858,,,
30,14,intra_node,9,11,2,2,-0.9008481502532959,0.13662933815312286,-0.9006873369216919,,,
30,14,intra_node,10,11,2,2,-0.9431630969047546,0.32964544080041147,-0.943072497844696,,,
30,14,intra_node,12,13,3,3,-0.9730980396270752,0.07406332025503495,-0.9730626344680786,,,
30,14,intra_node,12,14,3,3,0.9615960121154785,0.27833839666315596,0.9615462422370911,,,
30,14,intra_node,12,15,3,3,0.7114737033843994,0.40124060575595205,0.7110823392868042,,,
30,14,intra_node,13,14,3,3,-0.9735531806945801,0.33178705110685464,-0.973500669002533,,,
30,14,intra_node,13,15,3,3,-0.6983234882354736,0.3533473645206852,-0.6978863477706909,,,
30,14,intra_node,14,15,3,3,0.681591272354126,0.5678983355368429,0.6811208724975586,,,
30,14,inter_node,0,4,0,1,-0.9628901481628418,0.6214349008889676,-0.9628622531890869,,,
30,14,inter_node,0,8,0,2,-0.8694367408752441,0.052290121428387765,-0.8693206906318665,,,
30,14,inter_node,0,12,0,3,-0.9488517045974731,0.3871840555140037,-0.948785662651062,,,
30,14,inter_node,4,8,1,2,0.8883143663406372,0.600547480119543,0.8882679343223572,,,
30,14,inter_node,4,12,1,3,0.9628044366836548,0.38225318300332967,0.9627488255500793,,,
30,14,inter_node,8,12,2,3,0.9051283597946167,0.3533717877778882,0.9050682783126831,,,
30,14,inter_node,1,5,0,1,-0.8363350629806519,0.29174639111758,-0.8360720872879028,,,
30,14,inter_node,1,9,0,2,-0.8658143281936646,0.16808716523766298,-0.865578293800354,,,
30,14,inter_node,1,13,0,3,0.9662562608718872,0.225541192359893,0.966194212436676,,,
30,14,inter_node,5,9,1,2,0.7697299718856812,0.14864445013069708,0.7693634033203125,,,
30,14,inter_node,5,13,1,3,-0.8317468166351318,0.0854857587060366,-0.8314717411994934,,,
30,14,inter_node,9,13,2,3,-0.9071019887924194,0.06906255646199237,-0.9069351553916931,,,
30,14,inter_node,2,6,0,1,0.8312060832977295,0.32279490735377986,0.8310196399688721,,,
30,14,inter_node,2,10,0,2,-0.9687262773513794,0.458761860126441,-0.9687095880508423,,,
30,14,inter_node,2,14,0,3,-0.954791784286499,0.4182693794087964,-0.9547746777534485,,,
30,14,inter_node,6,10,1,2,-0.8368220925331116,0.6334707753432586,-0.8366463780403137,,,
30,14,inter_node,6,14,1,3,-0.8641573190689087,0.6060490611873908,-0.8640391230583191,,,
30,14,inter_node,10,14,2,3,0.9736714363098145,0.06960692678768178,0.9736229181289673,,,
30,14,inter_node,3,7,0,1,0.9685814380645752,0.10395491791323055,0.9685376286506653,,,
30,14,inter_node,3,11,0,2,0.9389252662658691,0.12881240122636065,0.9388279914855957,,,
30,14,inter_node,3,15,0,3,-0.6770293712615967,0.3116074596600597,-0.6765808463096619,,,
30,14,inter_node,7,11,1,2,0.9452728033065796,0.21937663654389875,0.9451943635940552,,,
30,14,inter_node,7,15,1,3,-0.7057912945747375,0.23174340878389071,-0.7053598761558533,,,
30,14,inter_node,11,15,2,3,-0.7026821374893188,0.40028095576756173,-0.7022786140441895,,,
30,14,cluster_edge,0,15,0,3,-0.6968860030174255,0.022937637913025232,-0.696506679058075,,,
30,14,cluster_edge,1,14,0,3,-0.9523786902427673,0.4824965963505349,-0.9522912502288818,,,
30,14,cluster_edge,2,13,0,3,0.9697821736335754,0.1294233050185491,0.9697768688201904,,,
30,14,cluster_edge,3,12,0,3,-0.9612223505973816,0.1302064459496176,-0.9611605405807495,,,
30,14,global_diversity,-1,-1,-1,-1,-0.05861106887459755,0.29112282395362854,-0.05859990045428276,120,4,
31,14,intra_node,0,1,0,0,-0.8063613772392273,0.5283788889957501,-0.8062942624092102,,,
31,14,intra_node,0,2,0,0,-0.8343252539634705,0.32571804717418185,-0.8342217206954956,,,
31,14,intra_node,0,3,0,0,-0.8645515441894531,0.6812950652652398,-0.8645806908607483,,,
31,14,intra_node,1,2,0,0,0.9252349138259888,0.30055800985366127,0.9251549243927002,,,
31,14,intra_node,1,3,0,0,0.9029074907302856,0.3242352233636795,0.902711808681488,,,
31,14,intra_node,2,3,0,0,0.8753166198730469,0.5273417397586959,0.8751628994941711,,,
31,14,intra_node,4,5,1,1,-0.9168524742126465,0.5858806871441681,-0.9167415499687195,,,
31,14,intra_node,4,6,1,1,0.9225687980651855,0.5360654233122493,0.9224602580070496,,,
31,14,intra_node,4,7,1,1,0.9723947048187256,0.24634686166067463,0.9723408222198486,,,
31,14,intra_node,5,6,1,1,-0.8515111804008484,0.10737562219995256,-0.8513065576553345,,,
31,14,intra_node,5,7,1,1,-0.9348998069763184,0.6878976802192773,-0.9348298907279968,,,
31,14,intra_node,6,7,1,1,0.8965162038803101,0.6503542502951501,0.8963704109191895,,,
31,14,intra_node,8,9,2,2,0.9055811762809753,0.11465737985281213,0.9054760932922363,,,
31,14,intra_node,8,10,2,2,0.8755975961685181,0.009081205135837047,0.8754509687423706,,,
31,14,intra_node,8,11,2,2,0.9335052967071533,0.20079055355867828,0.9334738254547119,,,
31,14,intra_node,9,10,2,2,0.9347427487373352,0.10654372009509384,0.9346258044242859,,,
31,14,intra_node,9,11,2,2,0.9536097049713135,0.09728795581031277,0.9535287618637085,,,
31,14,intra_node,10,11,2,2,0.9320540428161621,0.19346625517292879,0.9319254755973816,,,
31,14,intra_node,12,13,3,3,-0.8296703696250916,0.5332703026377544,-0.8294057250022888,,,
31,14,intra_node,12,14,3,3,-0.8428869843482971,0.7228515588075979,-0.8426623344421387,,,
31,14,intra_node,12,15,3,3,0.8598607182502747,0.2687168287436411,0.8596554398536682,,,
31,14,intra_node,13,14,3,3,0.8372686505317688,0.40619068647500833,0.8370104432106018,,,
31,14,intra_node,13,15,3,3,-0.8401634693145752,0.3617661178221909,-0.8398973345756531,,,
31,14,intra_node,14,15,3,3,-0.9486806988716125,0.6210107765556048,-0.9486048221588135,,,
31,14,inter_node,0,4,0,1,-0.7984613180160522,0.6358481242743333,-0.7983814477920532,,,
31,14,inter_node,0,8,0,2,-0.7686169147491455,0.4467540788559883,-0.7684497833251953,,,
31,14,inter_node,0,12,0,3,0.8164341449737549,0.32739003602654276,0.8163241744041443,,,
31,14,inter_node,4,8,1,2,0.9554358720779419,0.341790220571953,0.955417811870575,,,
31,14,inter_node,4,12,1,3,-0.8431371450424194,0.7550678199872924,-0.8428954482078552,,,
31,14,inter_node,8,12,2,3,-0.7981956601142883,0.6278812809108641,-0.7979437112808228,,,
31,14,inter_node,1,5,0,1,-0.9160025119781494,0.4636649611424256,-0.9158910512924194,,,
31,14,inter_node,1,9,0,2,0.961750328540802,0.037138892522129555,0.9616817235946655,,,
31,14,inter_node,1,13,0,3,0.9269348978996277,0.3203409590723194,0.9267911314964294,,,
31,14,inter_node,5,9,1,2,-0.8891875743865967,0.44297777250297643,-0.8890280723571777,,,
31,14,inter_node,5,13,1,3,-0.839364230632782,0.21087632686306995,-0.8391256928443909,,,
31,14,inter_node,9,13,2,3,0.924310564994812,0.2941255642696096,0.9241722226142883,,,
31,14,inter_node,2,6,0,1,0.9242077469825745,0.14095537272997466,0.924109697341919,,,
31,14,inter_node,2,10,0,2,0.9520578980445862,0.18695468691395395,0.9520114660263062,,,
31,14,inter_node,2,14,0,3,0.8649520874023438,0.38890657961019415,0.8647734522819519,,,
31,14,inter_node,6,10,1,2,0.9267427325248718,0.3015577920663565,0.9266376495361328,,,
31,14,inter_node,6,14,1,3,0.8576239347457886,0.47504348045407435,0.8574205636978149,,,
31,14,inter_node,10,14,2,3,0.8701234459877014,0.24838946790025623,0.8699213266372681,,,
31,14,inter_node,3,7,0,1,0.918908953666687,0.13887682912345004,0.9187382459640503,,,
31,14,inter_node,3,11,0,2,0.9098025560379028,0.27920799837045457,0.9096111059188843,,,
31,14,inter_node,3,15,0,3,-0.9511158466339111,0.7068657900306548,-0.9510492086410522,,,
31,14,inter_node,7,11,1,2,0.9559786319732666,0.37930930601431045,0.9558843970298767,,,
31,14,inter_node,7,15,1,3,-0.9292489290237427,0.7475753396188051,-0.9291439056396484,,,
31,14,inter_node,11,15,2,3,-0.9174256920814514,0.5933165055846402,-0.9172998666763306,,,
31,14,cluster_edge,0,15,0,3,0.85066819190979,0.08023322508857947,0.8506051898002625,,,
31,14,cluster_edge,1,14,0,3,0.9173035025596619,0.12631293374029262,0.9171819090843201,,,
31,14,cluster_edge,2,13,0,3,0.9099335670471191,0.02828390273583531,0.9098293781280518,,,
31,14,cluster_edge,3,12,0,3,-0.8667601943016052,0.7856358853298898,-0.8665602207183838,,,
31,14,global_diversity,-1,-1,-1,-1,0.19983944296836853,0.3871888518333435,0.19982093572616577,120,4,
32,14,intra_node,0,1,0,0,0.8950968980789185,0.09654350202502536,0.8949126601219177,,,
32,14,intra_node,0,2,0,0,-0.9315351843833923,0.43948677555198407,-0.931428849697113,,,
32,14,intra_node,0,3,0,0,0.9196639657020569,0.05280120574705304,0.9195011854171753,,,
32,14,intra_node,1,2,0,0,-0.8735147714614868,0.49360068517153455,-0.8733121156692505,,,
32,14,intra_node,1,3,0,0,0.8713057041168213,0.144247094458114,0.8710785508155823,,,
32,14,intra_node,2,3,0,0,-0.9626208543777466,0.40824119725564983,-0.962567150592804,,,
32,14,intra_node,4,5,1,1,0.9646925926208496,0.06379793884710953,0.9646315574645996,,,
32,14,intra_node,4,6,1,1,0.9520355463027954,0.3040215587017125,0.9519398808479309,,,
32,14,intra_node,4,7,1,1,-0.9740101099014282,0.488974570136427,-0.9739589095115662,,,
32,14,intra_node,5,6,1,1,0.9505298733711243,0.2565937737402313,0.9504406452178955,,,
32,14,intra_node,5,7,1,1,-0.9650269746780396,0.45415049691914977,-0.9649643898010254,,,
32,14,intra_node,6,7,1,1,-0.9616742730140686,0.26574531689473113,-0.9615998268127441,,,
32,14,intra_node,8,9,2,2,-0.8329671025276184,0.16295471083320992,-0.8327906131744385,,,
32,14,intra_node,8,10,2,2,-0.8473195433616638,0.09672436605734888,-0.8471442461013794,,,
32,14,intra_node,8,11,2,2,-0.8767543435096741,0.3682607643259505,-0.8766283988952637,,,
32,14,intra_node,9,10,2,2,0.8922894597053528,0.07332240822967442,0.892114520072937,,,
32,14,intra_node,9,11,2,2,0.9218592643737793,0.24527472545375162,0.9217119812965393,,,
32,14,intra_node,10,11,2,2,0.8897442817687988,0.30061300013528475,0.8895651698112488,,,
32,14,intra_node,12,13,3,3,-0.6974772214889526,0.3440282683589962,-0.6969605088233948,,,
32,14,intra_node,12,14,3,3,-0.6353649497032166,0.5731060363921243,-0.6347978711128235,,,
32,14,intra_node,12,15,3,3,-0.6148805618286133,0.8110406646991349,-0.6144642233848572,,,
32,14,intra_node,13,14,3,3,0.8745626211166382,0.3492189632319345,0.8743538856506348,,,
32,14,intra_node,13,15,3,3,0.8443179130554199,0.7119398196807091,0.8442052006721497,,,
32,14,intra_node,14,15,3,3,0.8048160672187805,0.5573623630002086,0.804629921913147,,,
32,14,inter_node,0,4,0,1,-0.8976991176605225,0.5322946510279144,-0.8974871039390564,,,
32,14,inter_node,0,8,0,2,0.8621321320533752,0.1511892238479204,0.8620018362998962,,,
32,14,inter_node,0,12,0,3,-0.6604518890380859,0.5193011140842391,-0.6598532199859619,,,
32,14,inter_node,4,8,1,2,-0.8412052989006042,0.4489874986126615,-0.8410410284996033,,,
32,14,inter_node,4,12,1,3,0.6453979015350342,0.7751745598122762,0.6447742581367493,,,
32,14,inter_node,8,12,2,3,-0.7341226935386658,0.591977605550403,-0.7337998151779175,,,
32,14,inter_node,1,5,0,1,-0.8637518286705017,0.5486535928513863,-0.8635199069976807,,,
32,14,inter_node,1,9,0,2,-0.8840473294258118,0.35810042675654796,-0.8838424682617188,,,
32,14,inter_node,1,13,0,3,0.8960825204849243,0.18888815167449036,0.8959010243415833,,,
32,14,inter_node,5,9,1,2,0.9625462293624878,0.296858222123428,0.962481677532196,,,
32,14,inter_node,5,13,1,3,-0.8964449167251587,0.63390758146261,-0.8962559700012207,,,
32,14,inter_node,9,13,2,3,-0.9034178256988525,0.4793476507071478,-0.9032259583473206,,,
32,14,inter_node,2,6,0,1,0.9450657367706299,0.165916915135195,0.9449801445007324,,,
32,14,inter_node,2,10,0,2,0.8952733278274536,0.2689372027960415,0.8951108455657959,,,
32,14,inter_node,2,14,0,3,-0.931365966796875,0.3688407297773246,-0.9312589764595032,,,
32,14,inter_node,6,10,1,2,0.8760975003242493,0.12351322012188376,0.8758935928344727,,,
32,14,inter_node,6,14,1,3,-0.8980802297592163,0.24328968938990198,-0.8979123830795288,,,
32,14,inter_node,10,14,2,3,-0.865196943283081,0.1366551920893482,-0.8649886846542358,,,
32,14,inter_node,3,7,0,1,0.9711447954177856,0.03375182190767218,0.9710888266563416,,,
32,14,inter_node,3,11,0,2,-0.9373027682304382,0.43388117234552404,-0.9371857643127441,,,
32,14,inter_node,3,15,0,3,0.8768563270568848,0.5849942629723662,0.8767948150634766,,,
32,14,inter_node,7,11,1,2,-0.9224463701248169,0.4141061887721545,-0.9223024845123291,,,
32,14,inter_node,7,15,1,3,0.9036815166473389,0.5704977805526286,0.9036509990692139,,,
32,14,inter_node,11,15,2,3,-0.8247787952423096,0.2669282193862527,-0.824630618095398,,,
32,14,cluster_edge,0,15,0,3,0.8051288723945618,0.6069070662793696,0.8049724102020264,,,
32,14,cluster_edge,1,14,0,3,0.8737169504165649,0.1976679441786447,0.8735144734382629,,,
32,14,cluster_edge,2,13,0,3,-0.907238245010376,0.5892535157587118,-0.9070861339569092,,,
32,14,cluster_edge,3,12,0,3,-0.6076682806015015,0.5446825948618563,-0.6069871783256531,,,
32,14,global_diversity,-1,-1,-1,-1,-0.061249472200870514,0.35492798686027527,-0.06124268099665642,120,4,
33,14,intra_node,0,1,0,0,-0.769462525844574,0.6744025189875995,-0.7694216370582581,,,
33,14,intra_node,0,2,0,0,0.8258904218673706,0.23718263912506782,0.8258681297302246,,,
33,14,intra_node,0,3,0,0,0.7745392322540283,0.3250564883683641,0.7744208574295044,,,
33,14,intra_node,1,2,0,0,-0.8745270371437073,0.5731645637443955,-0.8743276596069336,,,
33,14,intra_node,1,3,0,0,-0.7429182529449463,0.5175929905225877,-0.7426851391792297,,,
33,14,intra_node,2,3,0,0,0.7965189218521118,0.11519644642396078,0.7963404059410095,,,
33,14,intra_node,4,5,1,1,0.9147288799285889,0.11740215878732789,0.9145576357841492,,,
33,14,intra_node,4,6,1,1,0.8853728175163269,0.29260564455708055,0.8851852416992188,,,
33,14,intra_node,4,7,1,1,-0.9038242101669312,0.3766413017631639,-0.9035919904708862,,,
33,14,intra_node,5,6,1,1,0.8902024030685425,0.37565526900004964,0.8900080919265747,,,
33,14,intra_node,5,7,1,1,-0.9340242147445679,0.4498249586350269,-0.93388831615448,,,
33,14,intra_node,6,7,1,1,-0.9077877402305603,0.11879605280913819,-0.9076296091079712,,,
33,14,intra_node,8,9,2,2,-0.9296120405197144,0.2584254664668296,-0.9294824004173279,,,
33,14,intra_node,8,10,2,2,0.9552537202835083,0.15970406953929056,0.9551751017570496,,,
33,14,intra_node,8,11,2,2,0.9351930022239685,0.34917187830576685,0.9350805282592773,,,
33,14,intra_node,9,10,2,2,-0.9618135690689087,0.11748408310559476,-0.9617422223091125,,,
33,14,intra_node,9,11,2,2,-0.9338352680206299,0.5173624392443296,-0.9337188601493835,,,
33,14,intra_node,10,11,2,2,0.9479671716690063,0.45311177791094853,0.9478826522827148,,,
33,14,intra_node,12,13,3,3,-0.8976677656173706,0.44695039073599946,-0.8974332213401794,,,
33,14,intra_node,12,14,3,3,-0.6636503338813782,0.4219661450688197,-0.6632863283157349,,,
33,14,intra_node,12,15,3,3,-0.9169511198997498,0.3542654097799126,-0.9169414639472961,,,
33,14,intra_node,13,14,3,3,0.6908388137817383,0.04322280685472025,0.6905116438865662,,,
33,14,intra_node,13,15,3,3,0.8711902499198914,0.14353417388481046,0.8710806965827942,,,
33,14,intra_node,14,15,3,3,0.666621744632721,0.10484297467452139,0.6663011312484741,,,
33,14,inter_node,0,4,0,1,-0.7026031017303467,0.29791068543707694,-0.7026039958000183,,,
33,14,inter_node,0,8,0,2,0.7714410424232483,0.43993858656945345,0.7714031934738159,,,
33,14,inter_node,0,12,0,3,0.7443814277648926,0.46144654171833377,0.7443978190422058,,,
33,14,inter_node,4,8,1,2,-0.9047612547874451,0.20229320997542058,-0.9045937657356262,,,
33,14,inter_node,4,12,1,3,-0.9127529263496399,0.2329274251710611,-0.9125334620475769,,,
33,14,inter_node,8,12,2,3,0.9434473514556885,0.03840285124650449,0.9433510303497314,,,
33,14,inter_node,1,5,0,1,0.9011013507843018,0.5906907741150735,0.9009165167808533,,,
33,14,inter_node,1,9,0,2,0.8986434936523438,0.5688779938929159,0.8984570503234863,,,
33,14,inter_node,1,13,0,3,0.9517489075660706,0.08523008610405035,0.9516626000404358,,,
33,14,inter_node,5,9,1,2,0.9259628057479858,0.050595376513300934,0.9258196949958801,,,
33,14,inter_node,5,13,1,3,0.8845428228378296,0.625576234680428,0.8843033313751221,,,
33,14,inter_node,9,13,2,3,0.8850669860839844,0.6056225595947736,0.8848374485969543,,,
33,14,inter_node,2,6,0,1,-0.9409165978431702,0.3489214540569049,-0.9408257007598877,,,
33,14,inter_node,2,10,0,2,0.8971890807151794,0.1262587827711711,0.8970348834991455,,,
33,14,inter_node,2,14,0,3,-0.7294563055038452,0.5919047631270289,-0.7291758060455322,,,
33,14,inter_node,6,10,1,2,-0.9087008237838745,0.2548382368774294,-0.9085424542427063,,,
33,14,inter_node,6,14,1,3,0.719214141368866,0.37320122216307977,0.7189190983772278,,,
33,14,inter_node,10,14,2,3,-0.6621061563491821,0.5329335175839681,-0.6617350578308105,,,
33,14,inter_node,3,7,0,1,0.7521294951438904,0.3515702075364278,0.7519396543502808,,,
33,14,inter_node,3,11,0,2,0.7462106943130493,0.4599492973045198,0.7459787726402283,,,
33,14,inter_node,3,15,0,3,-0.7078132033348083,0.48475303384363644,-0.7075503468513489,,,
33,14,inter_node,7,11,1,2,0.9461299777030945,0.16714082392224527,0.9460441470146179,,,
33,14,inter_node,7,15,1,3,-0.910223126411438,0.20539282410391502,-0.9101872444152832,,,
33,14,inter_node,11,15,2,3,-0.9270198345184326,0.04592853303461544,-0.9269554018974304,,,
33,14,cluster_edge,0,15,0,3,-0.7590276002883911,0.6522374033048773,-0.7589064836502075,,,
33,14,cluster_edge,1,14,0,3,0.6844799518585205,0.04390497552647202,0.6841387152671814,,,
33,14,cluster_edge,2,13,0,3,-0.89336097240448,0.6095437847287206,-0.8931984305381775,,,
33,14,cluster_edge,3,12,0,3,0.7076780796051025,0.20207624934456336,0.7074276208877563,,,
33,14,global_diversity,-1,-1,-1,-1,-0.057287201285362244,0.3359726071357727,-0.05727533996105194,120,4,
34,14,intra_node,0,1,0,0,-0.644071102142334,0.6988339430665362,-0.6435699462890625,,,
34,14,intra_node,0,2,0,0,0.6584261655807495,0.1283426629859568,0.6578327417373657,,,
34,14,intra_node,0,3,0,0,0.6111727952957153,0.39472783479685625,0.6105856895446777,,,
34,14,intra_node,1,2,0,0,-0.9422991275787354,0.6544903092709106,-0.9422779083251953,,,
34,14,intra_node,1,3,0,0,-0.9088630676269531,0.5024287019172851,-0.9087282419204712,,,
34,14,intra_node,2,3,0,0,0.9258055090904236,0.3056076745977161,0.9257063269615173,,,
34,14,intra_node,4,5,1,1,-0.9681732654571533,0.32183857553233064,-0.9681274890899658,,,
34,14,intra_node,4,6,1,1,0.9421472549438477,0.22732815354391653,0.9420721530914307,,,
34,14,intra_node,4,7,1,1,0.8706510066986084,0.22403476598689873,0.8704910278320312,,,
34,14,intra_node,5,6,1,1,-0.9454945921897888,0.47600375996127814,-0.9454047679901123,,,
34,14,intra_node,5,7,1,1,-0.8874238729476929,0.47377031156428684,-0.8872671723365784,,,
34,14,intra_node,6,7,1,1,0.9211674332618713,0.0042442462789025115,0.9210588335990906,,,
34,14,intra_node,8,9,2,2,-0.8718615174293518,0.4592355260006628,-0.8717919588088989,,,
34,14,intra_node,8,10,2,2,-0.8188907504081726,0.3993992170122383,-0.818707287311554,,,
34,14,intra_node,8,11,2,2,-0.8892000913619995,0.4694740806733158,-0.8891757130622864,,,
34,14,intra_node,9,10,2,2,0.8457369208335876,0.09962742421140629,0.8455147743225098,,,
34,14,intra_node,9,11,2,2,0.9596804976463318,0.018933482440019817,0.959592878818512,,,
34,14,intra_node,10,11,2,2,0.8583036065101624,0.11667461256457504,0.8581096529960632,,,
34,14,intra_node,12,13,3,3,-0.813726544380188,0.33709617171894507,-0.8136646747589111,,,
34,14,intra_node,12,14,3,3,0.797418475151062,0.03390742191507696,0.7973604798316956,,,
34,14,intra_node,12,15,3,3,-0.8040522336959839,0.2713110192911873,-0.8039936423301697,,,
34,14,intra_node,13,14,3,3,-0.9480816125869751,0.35957353151359056,-0.947998046875,,,
34,14,intra_node,13,15,3,3,0.9552456140518188,0.09027878034297576,0.9551740288734436,,,
34,14,intra_node,14,15,3,3,-0.9450806379318237,0.29601898400494836,-0.9449865818023682,,,
34,14,inter_node,0,4,0,1,0.6645767092704773,0.3570945355824625,0.6640052795410156,,,
34,14,inter_node,0,8,0,2,0.6075596213340759,0.08343109198564067,0.60713130235672,,,
34,14,inter_node,0,12,0,3,0.6868435144424438,0.290833650307533,0.6866407990455627,,,
34,14,inter_node,4,8,1,2,0.8691921234130859,0.2985737801096506,0.8691519498825073,,,
34,14,inter_node,4,12,1,3,0.8112961649894714,0.09343489761416889,0.8113521337509155,,,
34,14,inter_node,8,12,2,3,0.7534202337265015,0.226281468319939,0.753265917301178,,,
34,14,inter_node,1,5,0,1,0.9580927491188049,0.3092421589654188,0.9580374360084534,,,
34,14,inter_node,1,9,0,2,0.9480088353157043,0.39237903590143103,0.9479520320892334,,,
34,14,inter_node,1,13,0,3,0.9579246044158936,0.35936984721748444,0.9578641653060913,,,
34,14,inter_node,5,9,1,2,0.9752821922302246,0.1203560379589672,0.9752400517463684,,,
34,14,inter_node,5,13,1,3,0.9587136507034302,0.07256911941381222,0.958648681640625,,,
34,14,inter_node,9,13,2,3,0.9647793769836426,0.051526123989909606,0.9647355079650879,,,
34,14,inter_node,2,6,0,1,0.9289752244949341,0.04543339074040768,0.9288904666900635,,,
34,14,inter_node,2,10,0,2,-0.8459351062774658,0.3684536566841368,-0.8457392454147339,,,
34,14,inter_node,2,14,0,3,0.9364026784896851,0.15786138036305986,0.9363083243370056,,,
34,14,inter_node,6,10,1,2,-0.8314844369888306,0.3383946838390662,-0.8312427401542664,,,
34,14,inter_node,6,14,1,3,0.9515904188156128,0.11777909318434751,0.9515107870101929,,,
34,14,inter_node,10,14,2,3,-0.8414077162742615,0.2500684227162825,-0.8411766290664673,,,
34,14,inter_node,3,7,0,1,0.8624275326728821,0.2694568901526013,0.8622328042984009,,,
34,14,inter_node,3,11,0,2,-0.9280567765235901,0.19661998270253941,-0.9279409646987915,,,
34,14,inter_node,3,15,0,3,-0.8980816602706909,0.14623249800863436,-0.8979124426841736,,,
34,14,inter_node,7,11,1,2,-0.9008711576461792,0.41309626377425623,-0.9007574915885925,,,
34,14,inter_node,7,15,1,3,-0.9139649271965027,0.3762860340085826,-0.913847029209137,,,
34,14,inter_node,11,15,2,3,0.9573321342468262,0.05901780587382284,0.9572694897651672,,,
34,14,cluster_edge,0,15,0,3,-0.6602153778076172,0.4832382954896068,-0.6596972346305847,,,
34,14,cluster_edge,1,14,0,3,-0.9448164105415344,0.5897234936475846,-0.9447380304336548,,,
34,14,cluster_edge,2,13,0,3,-0.9516469836235046,0.4606721378498948,-0.9516163468360901,,,
34,14,cluster_edge,3,12,0,3,0.7706552743911743,0.14650185324554307,0.770555317401886,,,
34,14,global_diversity,-1,-1,-1,-1,-0.0514698252081871,0.2929009199142456,-0.051467545330524445,120,4,
35,14,intra_node,0,1,0,0,0.8329721689224243,0.2021487992815399,0.8327192068099976,,,
35,14,intra_node,0,2,0,0,-0.8242475986480713,0.12982333473834146,-0.8239800333976746,,,
35,14,intra_node,0,3,0,0,-0.8090158104896545,0.43878687281932477,-0.8087869882583618,,,
35,14,intra_node,1,2,0,0,-0.9085981249809265,0.3057285027838002,-0.908411979675293,,,
35,14,intra_node,1,3,0,0,-0.8748103976249695,0.5522354326199364,-0.8746817708015442,,,
35,14,intra_node,2,3,0,0,0.8566124439239502,0.35505840413231404,0.8564642667770386,,,
35,14,intra_node,4,5,1,1,0.8801959156990051,0.03651298796540028,0.880027711391449,,,
35,14,intra_node,4,6,1,1,0.9253223538398743,0.2907187716257227,0.9252304434776306,,,
35,14,intra_node,4,7,1,1,-0.9292871952056885,0.34915920320535304,-0.9291908144950867,,,
35,14,intra_node,5,6,1,1,0.8897120356559753,0.316616748581437,0.8895740509033203,,,
35,14,intra_node,5,7,1,1,-0.8772949576377869,0.3729233453861075,-0.8771055340766907,,,
35,14,intra_node,6,7,1,1,-0.9403719305992126,0.08239387881951973,-0.9403004050254822,,,
35,14,intra_node,8,9,2,2,-0.8881809711456299,0.6879226710455618,-0.8880115151405334,,,
35,14,intra_node,8,10,2,2,-0.8844491243362427,0.431173115274013,-0.8842739462852478,,,
35,14,intra_node,8,11,2,2,0.890072226524353,0.19759548144704778,0.8899068832397461,,,
35,14,intra_node,9,10,2,2,0.977489709854126,0.45136677373332873,0.9774335622787476,,,
35,14,intra_node,9,11,2,2,-0.982326865196228,0.6110723185890888,-0.9822835326194763,,,
35,14,intra_node,10,11,2,2,-0.9707967638969421,0.29109710679121875,-0.9707247614860535,,,
35,14,intra_node,12,13,3,3,-0.9020245671272278,0.6213447305981993,-0.901852548122406,,,
35,14,intra_node,12,14,3,3,0.9413591027259827,0.06559024549518898,0.9412748217582703,,,
35,14,intra_node,12,15,3,3,0.9123927354812622,0.17626668555794567,0.9122405052185059,,,
35,14,intra_node,13,14,3,3,-0.9245570302009583,0.5947652862394737,-0.9244833588600159,,,
35,14,intra_node,13,15,3,3,-0.9302233457565308,0.5403181311681218,-0.9300535917282104,,,
35,14,intra_node,14,15,3,3,0.9040942788124084,0.11844529611252773,0.9039769172668457,,,
35,14,inter_node,0,4,0,1,0.8307788372039795,0.17771792408408332,0.830551266670227,,,
35,14,inter_node,0,8,0,2,0.9128912687301636,0.3961761639992836,0.9127665162086487,,,
35,14,inter_node,0,12,0,3,0.8511273264884949,0.20087339762582432,0.8509061932563782,,,
35,14,inter_node,4,8,1,2,0.8863629698753357,0.265673114267833,0.8862055540084839,,,
35,14,inter_node,4,12,1,3,0.9416743516921997,0.028160012506594858,0.9415993690490723,,,
35,14,inter_node,8,12,2,3,0.8991519212722778,0.2443952757838645,0.8989903926849365,,,
35,14,inter_node,1,5,0,1,0.9612575173377991,0.007010204834672278,0.9611963033676147,,,
35,14,inter_node,1,9,0,2,-0.9050226807594299,0.5876425262168469,-0.9048246145248413,,,
35,14,inter_node,1,13,0,3,-0.8609627485275269,0.6219490623224914,-0.860666811466217,,,
35,14,inter_node,5,9,1,2,-0.8959425091743469,0.5905332365731748,-0.8957721590995789,,,
35,14,inter_node,5,13,1,3,-0.8697754144668579,0.6245992768335507,-0.8695521354675293,,,
35,14,inter_node,9,13,2,3,0.9470404982566833,0.0831961060167065,0.9469097852706909,,,
35,14,inter_node,2,6,0,1,-0.8668016791343689,0.008734002009168025,-0.8666476011276245,,,
35,14,inter_node,2,10,0,2,0.8582020401954651,0.07628590327667854,0.8578822016716003,,,
35,14,inter_node,2,14,0,3,-0.847142219543457,0.25580686778643935,-0.8469071984291077,,,
35,14,inter_node,6,10,1,2,-0.9038804769515991,0.08435362405335686,-0.9038230180740356,,,
35,14,inter_node,6,14,1,3,0.9214199185371399,0.26230665209840165,0.9213225245475769,,,
35,14,inter_node,10,14,2,3,-0.9183777570724487,0.19434689277404457,-0.9182941913604736,,,
35,14,inter_node,3,7,0,1,0.8186920881271362,0.2909548732622034,0.8184723854064941,,,
35,14,inter_node,3,11,0,2,-0.8458312749862671,0.577677025200064,-0.8456915616989136,,,
35,14,inter_node,3,15,0,3,-0.8204997181892395,0.4555515338900044,-0.8203113675117493,,,
35,14,inter_node,7,11,1,2,-0.9407988786697388,0.4043778613316524,-0.9407435059547424,,,
35,14,inter_node,7,15,1,3,-0.9288463592529297,0.2321384837451517,-0.9287633895874023,,,
35,14,inter_node,11,15,2,3,0.9745816588401794,0.22431046997455661,0.9745203256607056,,,
35,14,cluster_edge,0,15,0,3,0.7889679074287415,0.029872182703385857,0.788640022277832,,,
35,14,cluster_edge,1,14,0,3,0.8753505945205688,0.0670815583165512,0.8751627802848816,,,
35,14,cluster_edge,2,13,0,3,0.8503953218460083,0.4554710380688701,0.850058913230896,,,
35,14,cluster_edge,3,12,0,3,-0.8303725719451904,0.5515196604683208,-0.830167829990387,,,
35,14,global_diversity,-1,-1,-1,-1,0.0021787264849990606,0.3062906563282013,0.002181446645408869,120,4,
36,14,intra_node,0,1,0,0,-0.826922595500946,0.3434434488229681,-0.8265847563743591,,,
36,14,intra_node,0,2,0,0,0.9347379207611084,0.19111330414909877,0.9346318244934082,,,
36,14,intra_node,0,3,0,0,-0.8983386158943176,0.3182398251674158,-0.8981449604034424,,,
36,14,intra_node,1,2,0,0,-0.8748289346694946,0.18832074437029403,-0.8746198415756226,,,
36,14,intra_node,1,3,0,0,0.8871818780899048,0.036968459857223905,0.8869407773017883,,,
36,14,intra_node,2,3,0,0,-0.9238230586051941,0.15716233394664428,-0.9237023591995239,,,
36,14,intra_node,4,5,1,1,0.8222537040710449,0.38856922998360616,0.8218423128128052,,,
36,14,intra_node,4,6,1,1,-0.8277626037597656,0.6798239391294587,-0.8273850679397583,,,
36,14,intra_node,4,7,1,1,0.8359249234199524,0.2297162848300899,0.8355742692947388,,,
36,14,intra_node,5,6,1,1,-0.8507274389266968,0.4763494469505408,-0.850368857383728,,,
36,14,intra_node,5,7,1,1,0.8412485122680664,0.5290248349025733,0.840881884098053,,,
36,14,intra_node,6,7,1,1,-0.9708956480026245,0.7533735943241722,-0.9708324670791626,,,
36,14,intra_node,8,9,2,2,0.841673731803894,0.0465619956541245,0.841450035572052,,,
36,14,intra_node,8,10,2,2,0.85044264793396,0.05974786679189368,0.8502385020256042,,,
36,14,intra_node,8,11,2,2,-0.8454222083091736,0.3045674018432162,-0.8451868295669556,,,
36,14,intra_node,9,10,2,2,0.9089279174804688,0.10352788253211082,0.9088532328605652,,,
36,14,intra_node,9,11,2,2,-0.9521242380142212,0.33694813145632885,-0.9520474076271057,,,
36,14,intra_node,10,11,2,2,-0.9262169003486633,0.26037647393152635,-0.9261214137077332,,,
36,14,intra_node,12,13,3,3,-0.8630879521369934,0.5622617384875359,-0.8628343939781189,,,
36,14,intra_node,12,14,3,3,-0.8851472735404968,0.33317904812746924,-0.884937047958374,,,
36,14,intra_node,12,15,3,3,0.8374024629592896,0.2262287361665887,0.8370957970619202,,,
36,14,intra_node,13,14,3,3,0.974290132522583,0.3435445297823486,0.9742500185966492,,,
36,14,intra_node,13,15,3,3,-0.9712609052658081,0.6612907121612603,-0.9711987376213074,,,
36,14,intra_node,14,15,3,3,-0.9530254602432251,0.4840331093189935,-0.9529290795326233,,,
36,14,inter_node,0,4,0,1,-0.7704930305480957,0.6937533676604406,-0.7700469493865967,,,
36,14,inter_node,0,8,0,2,0.7927571535110474,0.22101513015897356,0.7924383878707886,,,
36,14,inter_node,0,12,0,3,0.8304603695869446,0.2955367077633937,0.8301599025726318,,,
36,14,inter_node,4,8,1,2,-0.8504674434661865,0.6068644665690907,-0.8502424359321594,,,
36,14,inter_node,4,12,1,3,-0.8108184337615967,0.5652766642144625,-0.8104625940322876,,,
36,14,inter_node,8,12,2,3,0.8522413372993469,0.09566498720267612,0.852019190788269,,,
36,14,inter_node,1,5,0,1,0.9214696884155273,0.23712761918886047,0.9212896823883057,,,
36,14,inter_node,1,9,0,2,-0.876335620880127,0.19640805344243745,-0.8760467171669006,,,
36,14,inter_node,1,13,0,3,0.875639021396637,0.5303214379779284,0.8753490447998047,,,
36,14,inter_node,5,9,1,2,-0.8571758270263672,0.3869618985289743,-0.8567997217178345,,,
36,14,inter_node,5,13,1,3,0.8625414371490479,0.3843287896690186,0.862181544303894,,,
36,14,inter_node,9,13,2,3,-0.9785470962524414,0.6225700900883266,-0.9784910678863525,,,
36,14,inter_node,2,6,0,1,0.9309235215187073,0.15432161983426773,0.9308229088783264,,,
36,14,inter_node,2,10,0,2,0.9288983345031738,0.09450583207530931,0.9287993311882019,,,
36,14,inter_node,2,14,0,3,-0.9544746279716492,0.4192624436796796,-0.9544056057929993,,,
36,14,inter_node,6,10,1,2,0.9115824103355408,0.23424315881993002,0.9114835262298584,,,
36,14,inter_node,6,14,1,3,-0.9689945578575134,0.5088828040696257,-0.968932569026947,,,
36,14,inter_node,10,14,2,3,-0.9336056709289551,0.35865124603583315,-0.9335269331932068,,,
36,14,inter_node,3,7,0,1,0.9556119441986084,0.6539885983003962,0.9555183053016663,,,
36,14,inter_node,3,11,0,2,0.9528110027313232,0.2053929050763359,0.9527209997177124,,,
36,14,inter_node,3,15,0,3,-0.9657727479934692,0.2511654788475236,-0.9656996726989746,,,
36,14,inter_node,7,11,1,2,0.9302846789360046,0.5645503244180771,0.9301491379737854,,,
36,14,inter_node,7,15,1,3,-0.9746062159538269,0.74089471769498,-0.9745509028434753,,,
36,14,inter_node,11,15,2,3,-0.9308375120162964,0.40497077656847763,-0.930703341960907,,,
36,14,cluster_edge,0,15,0,3,0.8782631754875183,0.0895716535833083,0.8780280947685242,,,
36,14,cluster_edge,1,14,0,3,0.8872718811035156,0.2845233479944236,0.8870380520820618,,,
36,14,cluster_edge,2,13,0,3,-0.9413719773292542,0.6187716543926942,-0.9413132667541504,,,
36,14,cluster_edge,3,12,0,3,-0.8668004274368286,0.03222753783513944,-0.8665540814399719,,,
36,14,global_diversity,-1,-1,-1,-1,-0.06069069728255272,0.34742221236228943,-0.0606830008327961,120,4,
37,14,intra_node,0,1,0,0,-0.9282451272010803,0.3171798941425713,-0.9281032085418701,,,
37,14,intra_node,0,2,0,0,0.9466233849525452,0.03143821392004462,0.946517825126648,,,
37,14,intra_node,0,3,0,0,-0.8934855461120605,0.1056343372299156,-0.8932793736457825,,,
37,14,intra_node,1,2,0,0,-0.9492163062095642,0.2950164711525574,-0.9491081237792969,,,
37,14,intra_node,1,3,0,0,0.9098484516143799,0.2365313939462342,0.9096670746803284,,,
37,14,intra_node,2,3,0,0,-0.9078376293182373,0.07660442975988528,-0.9076496958732605,,,
37,14,intra_node,4,5,1,1,0.8365478515625,0.18320532635196365,0.8362526893615723,,,
37,14,intra_node,4,6,1,1,-0.9591697454452515,0.35924131025609163,-0.959089994430542,,,
37,14,intra_node,4,7,1,1,0.9587627649307251,0.19089975717914293,0.9586942195892334,,,
37,14,intra_node,5,6,1,1,-0.8111902475357056,0.476631715123481,-0.8108348250389099,,,
37,14,intra_node,5,7,1,1,0.8455786108970642,0.3391312312165911,0.8453188538551331,,,
37,14,intra_node,6,7,1,1,-0.9539903998374939,0.20806019349350416,-0.953921914100647,,,
37,14,intra_node,8,9,2,2,-0.8551348447799683,0.40268331879177877,-0.8549947142601013,,,
37,14,intra_node,8,10,2,2,0.8334801197052002,0.05726881678572124,0.8332995772361755,,,
37,14,intra_node,8,11,2,2,-0.5361272096633911,0.9965505647035003,-0.5354263186454773,,,
37,14,intra_node,9,10,2,2,-0.707209050655365,0.36639766261719836,-0.7068854570388794,,,
37,14,intra_node,9,11,2,2,0.5212610960006714,0.9942251147422799,0.5206204652786255,,,
37,14,intra_node,10,11,2,2,-0.5693529844284058,0.9963410192025911,-0.5682753920555115,,,
37,14,intra_node,12,13,3,3,-0.9100155830383301,0.2759259143863983,-0.9098352789878845,,,
37,14,intra_node,12,14,3,3,-0.8778241872787476,0.583084145944789,-0.8775471448898315,,,
37,14,intra_node,12,15,3,3,-0.9146420955657959,0.10166081098406321,-0.9144246578216553,,,
37,14,intra_node,13,14,3,3,0.8836653828620911,0.6981220341971593,0.8834283351898193,,,
37,14,intra_node,13,15,3,3,0.9664990305900574,0.19398586361709264,0.9664373397827148,,,
37,14,intra_node,14,15,3,3,0.8796367645263672,0.6254681497801551,0.8793677687644958,,,
37,14,inter_node,0,4,0,1,0.9317363500595093,0.3888315033375661,0.9316049218177795,,,
37,14,inter_node,0,8,0,2,0.9308440685272217,0.385624509698554,0.9308055639266968,,,
37,14,inter_node,0,12,0,3,0.8794647455215454,0.42149716744739096,0.8792207837104797,,,
37,14,inter_node,4,8,1,2,0.9225610494613647,0.005219924443012191,0.9225109815597534,,,
37,14,inter_node,4,12,1,3,0.9080686569213867,0.05344788595650904,0.9078904390335083,,,
37,14,inter_node,8,12,2,3,0.881660521030426,0.05838881647318952,0.8816366791725159,,,
37,14,inter_node,1,5,0,1,-0.8373059630393982,0.2689155335452507,-0.8370057344436646,,,
37,14,inter_node,1,9,0,2,0.8450660109519958,0.3361391430297986,0.8449511528015137,,,
37,14,inter_node,1,13,0,3,0.9385058879852295,0.38654573010937393,0.9383818507194519,,,
37,14,inter_node,5,9,1,2,-0.7601427435874939,0.5146616395817477,-0.7598890066146851,,,
37,14,inter_node,5,13,1,3,-0.8336890935897827,0.1608982299057013,-0.8333860635757446,,,
37,14,inter_node,9,13,2,3,0.8149309754371643,0.5927517226783797,0.8147627711296082,,,
37,14,inter_node,2,6,0,1,-0.9413245916366577,0.015220215018530452,-0.9411959052085876,,,
37,14,inter_node,2,10,0,2,0.8351894021034241,0.3271493461254557,0.8348498344421387,,,
37,14,inter_node,2,14,0,3,-0.8872395753860474,0.30197616757210466,-0.8869977593421936,,,
37,14,inter_node,6,10,1,2,-0.820689857006073,0.3167501362883833,-0.8203184008598328,,,
37,14,inter_node,6,14,1,3,0.952252209186554,0.3126002403897159,0.9521493315696716,,,
37,14,inter_node,10,14,2,3,-0.7689109444618225,0.5303342079308753,-0.7684393525123596,,,
37,14,inter_node,3,7,0,1,-0.9214532375335693,0.15541471336392026,-0.9213178157806396,,,
37,14,inter_node,3,11,0,2,0.5402021408081055,0.9949785488942231,0.539050817489624,,,
37,14,inter_node,3,15,0,3,0.9103943109512329,0.41892697017334973,0.9102106094360352,,,
37,14,inter_node,7,11,1,2,-0.5350765585899353,0.9957589562784984,-0.5340445637702942,,,
37,14,inter_node,7,15,1,3,-0.9634984135627747,0.31200195051819946,-0.9634619951248169,,,
37,14,inter_node,11,15,2,3,0.5473762154579163,0.9970821701918399,0.5460660457611084,,,
37,14,cluster_edge,0,15,0,3,-0.9400062561035156,0.4803082345612669,-0.9398911595344543,,,
37,14,cluster_edge,1,14,0,3,0.8837445974349976,0.5079046953953664,0.883500337600708,,,
37,14,cluster_edge,2,13,0,3,-0.9337405562400818,0.567524844025975,-0.9336050748825073,,,
37,14,cluster_edge,3,12,0,3,-0.8960723876953125,0.3531696747381441,-0.8958619236946106,,,
37,14,global_diversity,-1,-1,-1,-1,-0.0528935007750988,0.3854527175426483,-0.05286703258752823,120,4,
38,14,intra_node,0,1,0,0,0.9189443588256836,0.17058723602746295,0.9188302755355835,,,
38,14,intra_node,0,2,0,0,-0.9640107750892639,0.533938940167765,-0.9639454483985901,,,
38,14,intra_node,0,3,0,0,0.9677028656005859,0.052530920506307116,0.967629075050354,,,
38,14,intra_node,1,2,0,0,-0.9059832692146301,0.613443008184576,-0.9058349132537842,,,
38,14,intra_node,1,3,0,0,0.8969719409942627,0.12460176070784557,0.8968207240104675,,,
38,14,intra_node,2,3,0,0,-0.9457802772521973,0.5584215566528974,-0.9456791877746582,,,
38,14,intra_node,4,5,1,1,0.9807784557342529,0.11395258133877985,0.9807398915290833,,,
38,14,intra_node,4,6,1,1,-0.9705604910850525,0.73687259564645,-0.9704954028129578,,,
38,14,intra_node,4,7,1,1,0.9054340124130249,0.19977374632331674,0.9052311778068542,,,
38,14,intra_node,5,6,1,1,-0.9606212973594666,0.7030323673295903,-0.9605414271354675,,,
38,14,intra_node,5,7,1,1,0.899448037147522,0.29096159358483603,0.899241030216217,,,
38,14,intra_node,6,7,1,1,-0.9152447581291199,0.7894385429744889,-0.9150586724281311,,,
38,14,intra_node,8,9,2,2,-0.9378767609596252,0.5386792605447298,-0.9377944469451904,,,
38,14,intra_node,8,10,2,2,-0.9554046988487244,0.6562616825412582,-0.9553698301315308,,,
38,14,intra_node,8,11,2,2,-0.8483969569206238,0.24919038647841146,-0.8481955528259277,,,
38,14,intra_node,9,10,2,2,0.9554640054702759,0.25488215018334154,0.95538729429245,,,
38,14,intra_node,9,11,2,2,0.8635636568069458,0.3855689496415785,0.8633105158805847,,,
38,14,intra_node,10,11,2,2,0.8626919388771057,0.542176456896342,0.8623886108398438,,,
38,14,intra_node,12,13,3,3,0.9651784300804138,0.24191898840010764,0.9651190042495728,,,
38,14,intra_node,12,14,3,3,0.944528341293335,0.3416251027089767,0.9444281458854675,,,
38,14,intra_node,12,15,3,3,0.9630464315414429,0.20798494862893951,0.9629823565483093,,,
38,14,intra_node,13,14,3,3,0.9545314908027649,0.13152435265255397,0.9544391632080078,,,
38,14,intra_node,13,15,3,3,0.9669088125228882,0.04284519557099928,0.9668542742729187,,,
38,14,intra_node,14,15,3,3,0.9675706028938293,0.1687343616118055,0.9675148129463196,,,
38,14,inter_node,0,4,0,1,0.9751898646354675,0.13076012853314659,0.9751351475715637,,,
38,14,inter_node,0,8,0,2,0.9522047638893127,0.05915452874588838,0.9521792531013489,,,
38,14,inter_node,0,12,0,3,0.9670474529266357,0.211785670296744,0.9669973850250244,,,
38,14,inter_node,4,8,1,2,0.9451935291290283,0.07610771585243496,0.9451504945755005,,,
38,14,inter_node,4,12,1,3,0.9584002494812012,0.3148526773604097,0.9583306312561035,,,
38,14,inter_node,8,12,2,3,0.9389532804489136,0.2584121175210964,0.9388734698295593,,,
38,14,inter_node,1,5,0,1,0.8941611647605896,0.15454978234905084,0.8939936757087708,,,
38,14,inter_node,1,9,0,2,-0.8756248950958252,0.5933175837266612,-0.875428318977356,,,
38,14,inter_node,1,13,0,3,0.9039751291275024,0.13761851860367716,0.9038268327713013,,,
38,14,inter_node,5,9,1,2,-0.9474102258682251,0.5189753248827704,-0.9473172426223755,,,
38,14,inter_node,5,13,1,3,0.9735422134399414,0.019633148566640658,0.9734880328178406,,,
38,14,inter_node,9,13,2,3,-0.9569211006164551,0.5284193537935671,-0.9568474888801575,,,
38,14,inter_node,2,6,0,1,0.9442455172538757,0.3504933166585476,0.9441412091255188,,,
38,14,inter_node,2,10,0,2,0.956833004951477,0.21608887178911867,0.9567505717277527,,,
38,14,inter_node,2,14,0,3,-0.9480798244476318,0.6107113372146986,-0.9479804635047913,,,
38,14,inter_node,6,10,1,2,0.9712609648704529,0.1714536763576503,0.9712018370628357,,,
38,14,inter_node,6,14,1,3,-0.9488341212272644,0.7471544117718898,-0.9487296342849731,,,
38,14,inter_node,10,14,2,3,-0.9548372626304626,0.694832285156269,-0.9547454118728638,,,
38,14,inter_node,3,7,0,1,0.898897111415863,0.2658456292188138,0.898675262928009,,,
38,14,inter_node,3,11,0,2,-0.8827568888664246,0.2439046420130111,-0.8824747800827026,,,
38,14,inter_node,3,15,0,3,0.9595302939414978,0.0570776349327219,0.9594717025756836,,,
38,14,inter_node,7,11,1,2,-0.8326494693756104,0.4449092882064864,-0.8322739005088806,,,
38,14,inter_node,7,15,1,3,0.9066897034645081,0.3077494243785245,0.9065201878547668,,,
38,14,inter_node,11,15,2,3,-0.877569317817688,0.19813614991193784,-0.8773455619812012,,,
38,14,cluster_edge,0,15,0,3,0.9717907905578613,0.004798799797080927,0.9717519879341125,,,
38,14,cluster_edge,1,14,0,3,0.9022424817085266,0.007017083288099539,0.90208899974823,,,
38,14,cluster_edge,2,13,0,3,-0.9573060870170593,0.5517563860606896,-0.9572244882583618,,,
38,14,cluster_edge,3,12,0,3,0.9601852893829346,0.2531912945923179,0.9601253271102905,,,
38,14,global_diversity,-1,-1,-1,-1,0.08125922083854675,0.3451639413833618,0.08125948160886765,120,4,
39,14,intra_node,0,1,0,0,-0.885636031627655,0.5190643923858236,-0.885452926158905,,,
39,14,intra_node,0,2,0,0,-0.9005497097969055,0.45191458261932654,-0.9004918932914734,,,
39,14,intra_node,0,3,0,0,0.9544402956962585,0.2821429442229351,0.9543939828872681,,,
39,14,intra_node,1,2,0,0,0.9509401917457581,0.12251705233722361,0.9508823156356812,,,
39,14,intra_node,1,3,0,0,-0.8554752469062805,0.6547569806997335,-0.8552311062812805,,,
39,14,intra_node,2,3,0,0,-0.8789342641830444,0.606553015964766,-0.8787722587585449,,,
39,14,intra_node,4,5,1,1,-0.8603679537773132,0.6489867439472723,-0.8601334691047668,,,
39,14,intra_node,4,6,1,1,-0.9344778060913086,0.5648607938492198,-0.9344274401664734,,,
39,14,intra_node,4,7,1,1,-0.9781814217567444,0.6116470155448606,-0.9781286716461182,,,
39,14,intra_node,5,6,1,1,0.8648762106895447,0.19333112003909375,0.8646809458732605,,,
39,14,intra_node,5,7,1,1,0.8565502762794495,0.09614894154811127,0.8563073873519897,,,
39,14,intra_node,6,7,1,1,0.9262310266494751,0.10752012467345626,0.9261617660522461,,,
39,14,intra_node,8,9,2,2,-0.9448201656341553,0.6670886256629319,-0.9447441101074219,,,
39,14,intra_node,8,10,2,2,-0.8759072422981262,0.6369880909451153,-0.8757389783859253,,,
39,14,intra_node,8,11,2,2,-0.9665988087654114,0.6176680589465212,-0.9665330648422241,,,
39,14,intra_node,9,10,2,2,0.8950169682502747,0.08291886289952435,0.8948668837547302,,,
39,14,intra_node,9,11,2,2,0.9701696634292603,0.1292608893210362,0.9701271057128906,,,
39,14,intra_node,10,11,2,2,0.8954010009765625,0.050532089851974125,0.8952555656433105,,,
39,14,intra_node,12,13,3,3,0.8897190690040588,0.27154994407521743,0.8895084261894226,,,
39,14,intra_node,12,14,3,3,0.8542132377624512,0.4718379295451852,0.8539183735847473,,,
39,14,intra_node,12,15,3,3,-0.9475551843643188,0.7128088770401744,-0.947475254535675,,,
39,14,intra_node,13,14,3,3,0.9081030488014221,0.2749508821379634,0.9079143404960632,,,
39,14,intra_node,13,15,3,3,-0.8894660472869873,0.6057504277417749,-0.8892880082130432,,,
39,14,intra_node,14,15,3,3,-0.8521599173545837,0.45624432532135917,-0.8519251346588135,,,
39,14,inter_node,0,4,0,1,-0.9042275547981262,0.5786640782815126,-0.9039849042892456,,,
39,14,inter_node,0,8,0,2,-0.9011539816856384,0.5451646380302314,-0.9009199142456055,,,
39,14,inter_node,0,12,0,3,0.9021493792533875,0.38183135087133324,0.9019657969474792,,,
39,14,inter_node,4,8,1,2,0.9754629135131836,0.07365179370883597,0.9754070043563843,,,
39,14,inter_node,4,12,1,3,-0.9620513916015625,0.7395433424419009,-0.9619882106781006,,,
39,14,inter_node,8,12,2,3,-0.9494085907936096,0.7188350387151999,-0.9493134617805481,,,
39,14,inter_node,1,5,0,1,-0.8346502184867859,0.5993344861463261,-0.8343840837478638,,,
39,14,inter_node,1,9,0,2,-0.9458158612251282,0.6479848589496646,-0.9457288384437561,,,
39,14,inter_node,1,13,0,3,-0.8903518319129944,0.5918741271845984,-0.890160322189331,,,
39,14,inter_node,5,9,1,2,0.8558688163757324,0.12142390877470448,0.8556414842605591,,,
39,14,inter_node,5,13,1,3,0.9366527795791626,0.01827955407547041,0.9365512132644653,,,
39,14,inter_node,9,13,2,3,0.8901745080947876,0.1374838879436727,0.889991283416748,,,
39,14,inter_node,2,6,0,1,-0.9382168650627136,0.43395888855355436,-0.9381368160247803,,,
39,14,inter_node,2,10,0,2,-0.8780332207679749,0.5625636212038283,-0.8778748512268066,,,
39,14,inter_node,2,14,0,3,-0.8818179965019226,0.35851277283585603,-0.8817033171653748,,,
39,14,inter_node,6,10,1,2,0.879123330116272,0.22720033942700907,0.8789586424827576,,,
39,14,inter_node,6,14,1,3,0.8502308130264282,0.11761125167094426,0.8500261902809143,,,
39,14,inter_node,10,14,2,3,0.7870903015136719,0.31809027479787944,0.7867670655250549,,,
39,14,inter_node,3,7,0,1,0.8768295049667358,0.221175125814212,0.8766005039215088,,,
39,14,inter_node,3,11,0,2,0.8916294574737549,0.14601230305986015,0.8914323449134827,,,
39,14,inter_node,3,15,0,3,-0.8788996934890747,0.6664952610200416,-0.8787065744400024,,,
39,14,inter_node,7,11,1,2,0.9689873456954956,0.0880139409779113,0.9689298272132874,,,
39,14,inter_node,7,15,1,3,-0.9404361844062805,0.5717846848065601,-0.9403683543205261,,,
39,14,inter_node,11,15,2,3,-0.957202136516571,0.6094736022838332,-0.9571422338485718,,,
39,14,cluster_edge,0,15,0,3,-0.8958535194396973,0.5354162276514136,-0.8957210779190063,,,
39,14,cluster_edge,1,14,0,3,-0.8784321546554565,0.43710589701998587,-0.8782245516777039,,,
39,14,cluster_edge,2,13,0,3,-0.8941606283187866,0.5348902518248735,-0.894028902053833,,,
39,14,cluster_edge,3,12,0,3,0.8747555017471313,0.13886943904241153,0.8745312094688416,,,
39,14,global_diversity,-1,-1,-1,-1,0.07073985785245895,0.3641774356365204,0.0707181915640831,120,4,
40,14,intra_node,0,1,0,0,-0.840640664100647,0.5479469564908984,-0.8403355479240417,,,
40,14,intra_node,0,2,0,0,-0.8040669560432434,0.24024090129027245,-0.8036575317382812,,,
40,14,intra_node,0,3,0,0,-0.8613261580467224,0.6523017925883496,-0.8611255884170532,,,
40,14,intra_node,1,2,0,0,0.7905308604240417,0.40500476496193666,0.7901146411895752,,,
40,14,intra_node,1,3,0,0,0.9404832124710083,0.230846440690649,0.9404072165489197,,,
40,14,intra_node,2,3,0,0,0.8154549598693848,0.5423572971983697,0.8151783347129822,,,
40,14,intra_node,4,5,1,1,-0.9210942983627319,0.8052076046923088,-0.9210042953491211,,,
40,14,intra_node,4,6,1,1,-0.9356106519699097,0.8246313457163306,-0.9355275630950928,,,
40,14,intra_node,4,7,1,1,0.8978410959243774,0.6702433907847349,0.8977075219154358,,,
40,14,intra_node,5,6,1,1,0.9759315848350525,0.09971508894554312,0.9759036898612976,,,
40,14,intra_node,5,7,1,1,-0.9581923484802246,0.4092843331593976,-0.9581177830696106,,,
40,14,intra_node,6,7,1,1,-0.9656084179878235,0.4681875984199341,-0.9655572772026062,,,
40,14,intra_node,8,9,2,2,0.9567977786064148,0.01797323065391086,0.9567255973815918,,,
40,14,intra_node,8,10,2,2,-0.9687572121620178,0.45410850133223424,-0.9687046408653259,,,
40,14,intra_node,8,11,2,2,0.9537934064865112,0.11369922499376979,0.9537269473075867,,,
40,14,intra_node,9,10,2,2,-0.977863073348999,0.44411749688731667,-0.9778230786323547,,,
40,14,intra_node,9,11,2,2,0.9570974111557007,0.0974779887147077,0.9570462107658386,,,
40,14,intra_node,10,11,2,2,-0.9684903621673584,0.38407873031146966,-0.9684507250785828,,,
40,14,intra_node,12,13,3,3,0.9518015384674072,0.13317144043474624,0.9517238736152649,,,
40,14,intra_node,12,14,3,3,-0.9617950916290283,0.07471064782060963,-0.9617363810539246,,,
40,14,intra_node,12,15,3,3,-0.9544065594673157,0.29033161365069554,-0.9543352723121643,,,
40,14,intra_node,13,14,3,3,-0.9542299509048462,0.19793276366927226,-0.95415860414505,,,
40,14,intra_node,13,15,3,3,-0.9668090343475342,0.3848391748918344,-0.9667573571205139,,,
40,14,intra_node,14,15,3,3,0.9616351127624512,0.23303085172462074,0.9615830183029175,,,
40,14,inter_node,0,4,0,1,-0.9329736232757568,0.8359366719511453,-0.9329079389572144,,,
40,14,inter_node,0,8,0,2,0.9621734023094177,0.10866266336490968,0.962112307548523,,,
40,14,inter_node,0,12,0,3,-0.9511607885360718,0.4386139098984441,-0.9510828852653503,,,
40,14,inter_node,4,8,1,2,-0.9309949278831482,0.8159357615734866,-0.9309084415435791,,,
40,14,inter_node,4,12,1,3,0.8928250670433044,0.7077531293673925,0.8926823139190674,,,
40,14,inter_node,8,12,2,3,-0.9365077018737793,0.37017550255343457,-0.9364039301872253,,,
40,14,inter_node,1,5,0,1,-0.8345288634300232,0.4632774051429189,-0.8342166543006897,,,
40,14,inter_node,1,9,0,2,-0.8484652638435364,0.48355512470875683,-0.8481777310371399,,,
40,14,inter_node,1,13,0,3,0.8287041783332825,0.0710452958773357,0.8284124732017517,,,
40,14,inter_node,5,9,1,2,0.960430920124054,0.03778063334791696,0.9603541493415833,,,
40,14,inter_node,5,13,1,3,-0.9624677300453186,0.42222953124072954,-0.9624089598655701,,,
40,14,inter_node,9,13,2,3,-0.9566788673400879,0.4440580654801777,-0.956610381603241,,,
40,14,inter_node,2,6,0,1,-0.7932865619659424,0.18788718780090258,-0.7929378151893616,,,
40,14,inter_node,2,10,0,2,0.7888587117195129,0.3595687431179237,0.7884466052055359,,,
40,14,inter_node,2,14,0,3,-0.7727782726287842,0.20143885862718502,-0.772301435470581,,,
40,14,inter_node,6,10,1,2,-0.9774680733680725,0.47989757095329444,-0.9774376153945923,,,
40,14,inter_node,6,14,1,3,0.9704753160476685,0.35147826576680224,0.9704422950744629,,,
40,14,inter_node,10,14,2,3,-0.9605888724327087,0.19801850640878405,-0.9605165123939514,,,
40,14,inter_node,3,7,0,1,0.8399198055267334,0.30114923749352684,0.8396844267845154,,,
40,14,inter_node,3,11,0,2,-0.8643763065338135,0.5598717714910463,-0.8641887903213501,,,
40,14,inter_node,3,15,0,3,-0.8764406442642212,0.5604621665176385,-0.8762652277946472,,,
40,14,inter_node,7,11,1,2,-0.9481546878814697,0.370211421204714,-0.9480810165405273,,,
40,14,inter_node,7,15,1,3,-0.961237907409668,0.3710562296506183,-0.9611775279045105,,,
40,14,inter_node,11,15,2,3,0.9643056392669678,0.0013414159518743702,0.9642537236213684,,,
40,14,cluster_edge,0,15,0,3,0.9604271650314331,0.20894589515329326,0.9603734016418457,,,
40,14,cluster_edge,1,14,0,3,-0.8448394536972046,0.25491586778790576,-0.8445411920547485,,,
40,14,cluster_edge,2,13,0,3,0.7850202322006226,0.35950027229799475,0.784635066986084,,,
40,14,cluster_edge,3,12,0,3,0.8321433067321777,0.3806433512651675,0.8319001197814941,,,
40,14,global_diversity,-1,-1,-1,-1,-0.05802319943904877,0.34546807408332825,-0.05800715833902359,120,4,
41,14,intra_node,0,1,0,0,0.919874906539917,0.30763513899170475,0.9197508692741394,,,
41,14,intra_node,0,2,0,0,-0.8557057976722717,0.09303223344591023,-0.855476438999176,,,
41,14,intra_node,0,3,0,0,-0.7745871543884277,0.2603004390979667,-0.7743754982948303,,,
41,14,intra_node,1,2,0,0,-0.8588763475418091,0.37204738837077367,-0.8586521148681641,,,
41,14,intra_node,1,3,0,0,-0.7527027130126953,0.06399179125646011,-0.7524647116661072,,,
41,14,intra_node,2,3,0,0,0.7041105031967163,0.32911634132764195,0.7038144469261169,,,
41,14,intra_node,4,5,1,1,0.766105592250824,0.37505372877713306,0.7658835649490356,,,
41,14,intra_node,4,6,1,1,-0.9370483756065369,0.43421597274867274,-0.9369393587112427,,,
41,14,intra_node,4,7,1,1,0.9135304689407349,0.15267232301396966,0.9133819937705994,,,
41,14,intra_node,5,6,1,1,-0.7750200033187866,0.09466772856452713,-0.7748144865036011,,,
41,14,intra_node,5,7,1,1,0.7521810531616211,0.26245030323355023,0.751943826675415,,,
41,14,intra_node,6,7,1,1,-0.951675534248352,0.3322724577298858,-0.9515895843505859,,,
41,14,intra_node,8,9,2,2,-0.8011403679847717,0.3578575475687444,-0.8009404540061951,,,
41,14,intra_node,8,10,2,2,-0.9300705790519714,0.4501401721736469,-0.9299669861793518,,,
41,14,intra_node,8,11,2,2,0.9049243927001953,0.07973565683347338,0.9048032760620117,,,
41,14,intra_node,9,10,2,2,0.8092191219329834,0.6469116616661577,0.8090289235115051,,,
41,14,intra_node,9,11,2,2,-0.7741631865501404,0.30221956636751207,-0.7739370465278625,,,
41,14,intra_node,10,11,2,2,-0.8765830993652344,0.4939836067117217,-0.8764230608940125,,,
41,14,intra_node,12,13,3,3,-0.8236323595046997,0.157527139068729,-0.8233200907707214,,,
41,14,intra_node,12,14,3,3,-0.9677600860595703,0.03226369528004136,-0.9677006602287292,,,
41,14,intra_node,12,15,3,3,0.9472686648368835,0.2849067610245303,0.9471663236618042,,,
41,14,intra_node,13,14,3,3,0.8232348561286926,0.12943964505386218,0.8229096531867981,,,
41,14,intra_node,13,15,3,3,-0.8163821697235107,0.15119730007088372,-0.8160536885261536,,,
41,14,intra_node,14,15,3,3,-0.9619138836860657,0.26106602027046844,-0.9618386626243591,,,
41,14,inter_node,0,4,0,1,-0.9210689067840576,0.4815154851660636,-0.9209427237510681,,,
41,14,inter_node,0,8,0,2,0.9473227262496948,0.2522074435654345,0.947243869304657,,,
41,14,inter_node,0,12,0,3,-0.9373070001602173,0.08661549039851361,-0.9372079968452454,,,
41,14,inter_node,4,8,1,2,-0.9050188660621643,0.3066465955397542,-0.9048731327056885,,,
41,14,inter_node,4,12,1,3,0.907170832157135,0.5264242756824403,0.9070069789886475,,,
41,14,inter_node,8,12,2,3,-0.9478934407234192,0.3169778625573726,-0.9478209614753723,,,
41,14,inter_node,1,5,0,1,-0.7733108997344971,0.425581885070672,-0.7730938196182251,,,
41,14,inter_node,1,9,0,2,-0.8294750452041626,0.19372206674922687,-0.8293106555938721,,,
41,14,inter_node,1,13,0,3,0.8160600662231445,0.36138767503684077,0.8157658576965332,,,
41,14,inter_node,5,9,1,2,0.7363841533660889,0.28756810618222733,0.7361560463905334,,,
41,14,inter_node,5,13,1,3,-0.780920684337616,0.10052140794109246,-0.7807167172431946,,,
41,14,inter_node,9,13,2,3,-0.8349041938781738,0.2079501389943976,-0.8347522020339966,,,
41,14,inter_node,2,6,0,1,-0.8967052102088928,0.010292765035675491,-0.896528959274292,,,
41,14,inter_node,2,10,0,2,0.8434154391288757,0.5466420070327641,0.8431719541549683,,,
41,14,inter_node,2,14,0,3,-0.8675034046173096,0.14397103359877958,-0.8672700524330139,,,
41,14,inter_node,6,10,1,2,-0.9024978876113892,0.5513083143314214,-0.9023446440696716,,,
41,14,inter_node,6,14,1,3,0.9533315300941467,0.135068496865058,0.9532503485679626,,,
41,14,inter_node,10,14,2,3,-0.9417582750320435,0.6119124258705253,-0.941691517829895,,,
41,14,inter_node,3,7,0,1,0.7754546999931335,0.5473737275744746,0.7752510905265808,,,
41,14,inter_node,3,11,0,2,-0.7666739821434021,0.3989315898764936,-0.7664541602134705,,,
41,14,inter_node,3,15,0,3,0.775211751461029,0.4208855642789993,0.7750201225280762,,,
41,14,inter_node,7,11,1,2,-0.8813503980636597,0.24696379845927915,-0.8811994791030884,,,
41,14,inter_node,7,15,1,3,0.9390690922737122,0.21841652615341356,0.9389583468437195,,,
41,14,inter_node,11,15,2,3,-0.876019299030304,0.036524918017226425,-0.8758683204650879,,,
41,14,cluster_edge,0,15,0,3,-0.9263584613800049,0.21709506625258185,-0.926241934299469,,,
41,14,cluster_edge,1,14,0,3,0.9214966893196106,0.2664353237143786,0.9213835000991821,,,
41,14,cluster_edge,2,13,0,3,-0.8443523645401001,0.01669199437162112,-0.8440948128700256,,,
41,14,cluster_edge,3,12,0,3,0.7684840559959412,0.19015534736321787,0.7682796716690063,,,
41,14,global_diversity,-1,-1,-1,-1,-0.04772322252392769,0.28965166211128235,-0.047717493027448654,120,4,
42,14,intra_node,0,1,0,0,-0.823673665523529,0.39439595087884666,-0.8234025835990906,,,
42,14,intra_node,0,2,0,0,-0.9619988799095154,0.17139254717199864,-0.961944580078125,,,
42,14,intra_node,0,3,0,0,-0.8960649967193604,0.19012239040862616,-0.8959115743637085,,,
42,14,intra_node,1,2,0,0,0.8359851837158203,0.49819197143539734,0.8357033729553223,,,
42,14,intra_node,1,3,0,0,0.8086912035942078,0.2522276922475821,0.8083102703094482,,,
42,14,intra_node,2,3,0,0,0.918067216873169,0.3289293768140612,0.9179330468177795,,,
42,14,intra_node,4,5,1,1,0.8492064476013184,0.2672533946246407,0.8489506244659424,,,
42,14,intra_node,4,6,1,1,-0.8193880319595337,0.26002761096076155,-0.8190898895263672,,,
42,14,intra_node,4,7,1,1,0.9429858326911926,0.5693313997194333,0.9428970813751221,,,
42,14,intra_node,5,6,1,1,-0.8907979726791382,0.009764936869145766,-0.890593945980072,,,
42,14,intra_node,5,7,1,1,0.8310819864273071,0.6844290451026572,0.8307936191558838,,,
42,14,intra_node,6,7,1,1,-0.8146050572395325,0.6813171269662042,-0.8143010139465332,,,
42,14,intra_node,8,9,2,2,-0.8686217069625854,0.3785748091646899,-0.8682535886764526,,,
42,14,intra_node,8,10,2,2,-0.9523681402206421,0.2654877285285147,-0.9522541761398315,,,
42,14,intra_node,8,11,2,2,0.8952839374542236,0.4557126528549192,0.8952429890632629,,,
42,14,intra_node,9,10,2,2,0.8758397102355957,0.15396213927048777,0.8755286931991577,,,
42,14,intra_node,9,11,2,2,-0.9091439247131348,0.124130538684056,-0.9091454148292542,,,
42,14,intra_node,10,11,2,2,-0.8944791555404663,0.25898127466994847,-0.8943941593170166,,,
42,14,intra_node,12,13,3,3,0.9432691931724548,0.08322898141861085,0.9431777596473694,,,
42,14,intra_node,12,14,3,3,0.8485389947891235,0.5463392945810273,0.8482767939567566,,,
42,14,intra_node,12,15,3,3,0.9364240169525146,0.6697280956769224,0.9363196492195129,,,
42,14,intra_node,13,14,3,3,0.8833273649215698,0.5051537448020913,0.8830958008766174,,,
42,14,intra_node,13,15,3,3,0.9153343439102173,0.6397443880434395,0.9151857495307922,,,
42,14,intra_node,14,15,3,3,0.8359197974205017,0.2719847666373065,0.8356281518936157,,,
42,14,inter_node,0,4,0,1,0.9558201432228088,0.13115441985153753,0.955756664276123,,,
42,14,inter_node,0,8,0,2,-0.9386738538742065,0.3162734703020626,-0.938658595085144,,,
42,14,inter_node,0,12,0,3,0.9353691935539246,0.727529959969368,0.9352759122848511,,,
42,14,inter_node,4,8,1,2,-0.9463570713996887,0.4059472266417006,-0.9463237524032593,,,
42,14,inter_node,4,12,1,3,0.9507299065589905,0.6863999239265576,0.9506518244743347,,,
42,14,inter_node,8,12,2,3,-0.9371038675308228,0.8137050050831979,-0.9370402693748474,,,
42,14,inter_node,1,5,0,1,-0.8410845994949341,0.2819121951040831,-0.8407185077667236,,,
42,14,inter_node,1,9,0,2,-0.8597703576087952,0.4495787490328759,-0.8594262599945068,,,
42,14,inter_node,1,13,0,3,-0.8534687757492065,0.8200107156942109,-0.8531557321548462,,,
42,14,inter_node,5,9,1,2,0.9166850447654724,0.23349032358667504,0.9164826273918152,,,
42,14,inter_node,5,13,1,3,0.8607734441757202,0.7493491978576665,0.8604736924171448,,,
42,14,inter_node,9,13,2,3,0.8704793453216553,0.6729972107916676,0.8701962232589722,,,
42,14,inter_node,2,6,0,1,0.8132597208023071,0.2942973406849997,0.8129515647888184,,,
42,14,inter_node,2,10,0,2,-0.9505082964897156,0.22868423005519437,-0.9504508972167969,,,
42,14,inter_node,2,14,0,3,-0.8547250032424927,0.27516566641121687,-0.8544804453849792,,,
42,14,inter_node,6,10,1,2,-0.8396499752998352,0.08506647106994905,-0.8393407464027405,,,
42,14,inter_node,6,14,1,3,-0.8735736608505249,0.4884824832235797,-0.8733417391777039,,,
42,14,inter_node,10,14,2,3,0.863783597946167,0.4409238479055376,0.8635014891624451,,,
42,14,inter_node,3,7,0,1,-0.9088810682296753,0.6969563436064424,-0.9087328314781189,,,
42,14,inter_node,3,11,0,2,0.8297287821769714,0.3552888231038345,0.8295093178749084,,,
42,14,inter_node,3,15,0,3,-0.9282325506210327,0.3318614698469368,-0.9281085133552551,,,
42,14,inter_node,7,11,1,2,-0.8640843629837036,0.5299543931400393,-0.8639124035835266,,,
42,14,inter_node,7,15,1,3,0.940750777721405,0.5464358920834372,0.9406569600105286,,,
42,14,inter_node,11,15,2,3,-0.867660403251648,0.03506361659988493,-0.8674944639205933,,,
42,14,cluster_edge,0,15,0,3,0.9466553926467896,0.17501296215588122,0.9465798139572144,,,
42,14,cluster_edge,1,14,0,3,-0.8638463616371155,0.6362723120258752,-0.8635661005973816,,,
42,14,cluster_edge,2,13,0,3,-0.9169475436210632,0.641318444384719,-0.9168131947517395,,,
42,14,cluster_edge,3,12,0,3,-0.9087579846382141,0.7793326152947258,-0.9086039066314697,,,
42,14,global_diversity,-1,-1,-1,-1,0.0036363701801747084,0.39314037561416626,0.003641782095655799,120,4,
43,14,intra_node,0,1,0,0,0.9526588320732117,0.0629520052030823,0.9526168704032898,,,
43,14,intra_node,0,2,0,0,0.6924283504486084,0.5109563157536874,0.6919811367988586,,,
43,14,intra_node,0,3,0,0,-0.9259575605392456,0.17404795298102213,-0.9258530735969543,,,
43,14,intra_node,1,2,0,0,0.6698083281517029,0.47810177604371173,0.6692203283309937,,,
43,14,intra_node,1,3,0,0,-0.9266253113746643,0.11855950644450945,-0.9264993071556091,,,
43,14,intra_node,2,3,0,0,-0.6733838319778442,0.40790305440689123,-0.6728549003601074,,,
43,14,intra_node,4,5,1,1,0.8684408068656921,0.20897580315773864,0.8683310747146606,,,
43,14,intra_node,4,6,1,1,0.9569165706634521,0.046917697737315224,0.9568726420402527,,,
43,14,intra_node,4,7,1,1,-0.7115178108215332,0.7222055772398004,-0.7117285132408142,,,
43,14,intra_node,5,6,1,1,0.8422040343284607,0.2460888373280864,0.842003345489502,,,
43,14,intra_node,5,7,1,1,-0.6159523725509644,0.6488167822562895,-0.6158563494682312,,,
43,14,intra_node,6,7,1,1,-0.6967553496360779,0.7352390519999754,-0.696787416934967,,,
43,14,intra_node,8,9,2,2,-0.885097861289978,0.7294292068421478,-0.8851419687271118,,,
43,14,intra_node,8,10,2,2,0.8134968280792236,0.5663533120317312,0.8132598400115967,,,
43,14,intra_node,8,11,2,2,-0.9040234088897705,0.5904586773133386,-0.9038568735122681,,,
43,14,intra_node,9,10,2,2,-0.7621048092842102,0.37605705136239703,-0.7619669437408447,,,
43,14,intra_node,9,11,2,2,0.8480062484741211,0.3393321304359196,0.8480131030082703,,,
43,14,intra_node,10,11,2,2,-0.8521677255630493,0.05558756921342215,-0.8519866466522217,,,
43,14,intra_node,12,13,3,3,-0.921914279460907,0.5748988678066855,-0.9217818379402161,,,
43,14,intra_node,12,14,3,3,0.8630154132843018,0.43516923225645976,0.8627742528915405,,,
43,14,intra_node,12,15,3,3,0.9364920854568481,0.02711361506630856,0.9363858699798584,,,
43,14,intra_node,13,14,3,3,-0.8642637729644775,0.2473831871950531,-0.8639846444129944,,,
43,14,intra_node,13,15,3,3,-0.940808117389679,0.5630516175613991,-0.9406908750534058,,,
43,14,intra_node,14,15,3,3,0.8843835592269897,0.41942782169570897,0.8841425180435181,,,
43,14,inter_node,0,4,0,1,0.9446930885314941,0.30066932581702777,0.9446777701377869,,,
43,14,inter_node,0,8,0,2,-0.9455996751785278,0.6899354443862022,-0.9455264806747437,,,
43,14,inter_node,0,12,0,3,-0.9116976261138916,0.4710979827722644,-0.9115715622901917,,,
43,14,inter_node,4,8,1,2,-0.9627314805984497,0.7831623452823592,-0.962692379951477,,,
43,14,inter_node,4,12,1,3,-0.9411989450454712,0.6301225957153936,-0.9411270618438721,,,
43,14,inter_node,8,12,2,3,0.9347217082977295,0.41375803926970167,0.9346125721931458,,,
43,14,inter_node,1,5,0,1,0.8492549657821655,0.1715722369061666,0.8490777015686035,,,
43,14,inter_node,1,9,0,2,0.861798882484436,0.1823063468919289,0.8618810772895813,,,
43,14,inter_node,1,13,0,3,0.9399595260620117,0.24685452024637164,0.9398391842842102,,,
43,14,inter_node,5,9,1,2,0.8635498285293579,0.012957206969591222,0.8634980320930481,,,
43,14,inter_node,5,13,1,3,0.8779498338699341,0.0908736847001083,0.8778108954429626,,,
43,14,inter_node,9,13,2,3,0.8693593144416809,0.07893931071752087,0.8694257736206055,,,
43,14,inter_node,2,6,0,1,0.6641899347305298,0.674042755672048,0.6636462807655334,,,
43,14,inter_node,2,10,0,2,-0.747847318649292,0.3160386438707922,-0.7475224733352661,,,
43,14,inter_node,2,14,0,3,-0.7660626173019409,0.4777351746910886,-0.7656462788581848,,,
43,14,inter_node,6,10,1,2,-0.8203559517860413,0.5234273962893671,-0.8201290965080261,,,
43,14,inter_node,6,14,1,3,-0.8598634004592896,0.37587746956698936,-0.8596113324165344,,,
43,14,inter_node,10,14,2,3,0.9162048101425171,0.23641179340218477,0.916152834892273,,,
43,14,inter_node,3,7,0,1,0.6398999691009521,0.5190653027320756,0.6398775577545166,,,
43,14,inter_node,3,11,0,2,-0.8928247094154358,0.08335840382053374,-0.8926418423652649,,,
43,14,inter_node,3,15,0,3,0.9204733371734619,0.3417994151396606,0.920335054397583,,,
43,14,inter_node,7,11,1,2,-0.6720262765884399,0.47532961707995225,-0.6720468401908875,,,
43,14,inter_node,7,15,1,3,0.7001983523368835,0.2693189457284184,0.7002899646759033,,,
43,14,inter_node,11,15,2,3,-0.9226129055023193,0.28194335975620244,-0.9224715828895569,,,
43,14,cluster_edge,0,15,0,3,-0.942153811454773,0.4563578795855142,-0.9420871138572693,,,
43,14,cluster_edge,1,14,0,3,-0.8400604724884033,0.000701945325163968,-0.8397163152694702,,,
43,14,cluster_edge,2,13,0,3,0.6750500202178955,0.6069347117358748,0.6744864583015442,,,
43,14,cluster_edge,3,12,0,3,0.9055221676826477,0.359645612433983,0.9053664207458496,,,
43,14,global_diversity,-1,-1,-1,-1,-0.03937564790248871,0.3809194564819336,-0.039368290454149246,120,4,
44,14,intra_node,0,1,0,0,0.9308884143829346,0.2314267997865059,0.9307975172996521,,,
44,14,intra_node,0,2,0,0,-0.9551203846931458,0.7596681946145072,-0.9550655484199524,,,
44,14,intra_node,0,3,0,0,0.9131255149841309,0.10952874321057424,0.9130932092666626,,,
44,14,intra_node,1,2,0,0,-0.9544409513473511,0.6873013457680628,-0.9543673992156982,,,
44,14,intra_node,1,3,0,0,0.9054768085479736,0.13689162412207712,0.9054733514785767,,,
44,14,intra_node,2,3,0,0,-0.9026963114738464,0.7301071724066605,-0.9026947021484375,,,
44,14,intra_node,4,5,1,1,-0.8319704532623291,0.19928254345546276,-0.8316258788108826,,,
44,14,intra_node,4,6,1,1,-0.7792888283729553,0.3397958040284663,-0.7790785431861877,,,
44,14,intra_node,4,7,1,1,-0.8701512813568115,0.10638782986567309,-0.8698683977127075,,,
44,14,intra_node,5,6,1,1,0.8956148028373718,0.4713629754016423,0.895568311214447,,,
44,14,intra_node,5,7,1,1,0.9182759523391724,0.10395417239653956,0.9181050658226013,,,
44,14,intra_node,6,7,1,1,0.8881965279579163,0.4100334957060893,0.8881707191467285,,,
44,14,intra_node,8,9,2,2,-0.8018121123313904,0.5974193730149051,-0.8015019297599792,,,
44,14,intra_node,8,10,2,2,0.8931184411048889,0.10980182103852444,0.8929575085639954,,,
44,14,intra_node,8,11,2,2,0.896681010723114,0.6367707800100973,0.8965466618537903,,,
44,14,intra_node,9,10,2,2,-0.9061705470085144,0.6416234589726995,-0.9060017466545105,,,
44,14,intra_node,9,11,2,2,-0.8987910747528076,0.09774789037886104,-0.8985909223556519,,,
44,14,intra_node,10,11,2,2,0.9431352019309998,0.6766540098193915,0.943041980266571,,,
44,14,intra_node,12,13,3,3,0.8524371385574341,0.26290048236658564,0.852211594581604,,,
44,14,intra_node,12,14,3,3,0.839489221572876,0.46011667103282866,0.8392258286476135,,,
44,14,intra_node,12,15,3,3,-0.8762810230255127,0.3621442508806846,-0.8760810494422913,,,
44,14,intra_node,13,14,3,3,0.8611541986465454,0.602052258639976,0.8608623743057251,,,
44,14,intra_node,13,15,3,3,-0.8468464612960815,0.1346409353688607,-0.8465241193771362,,,
44,14,intra_node,14,15,3,3,-0.88820481300354,0.6556323147646151,-0.8879881501197815,,,
44,14,inter_node,0,4,0,1,-0.8239463567733765,0.21452628384247485,-0.8237001299858093,,,
44,14,inter_node,0,8,0,2,-0.9135520458221436,0.7839064969179408,-0.9134373664855957,,,
44,14,inter_node,0,12,0,3,0.9058866500854492,0.33938034389291805,0.9057605266571045,,,
44,14,inter_node,4,8,1,2,0.7615651488304138,0.7248876714307242,0.7611787915229797,,,
44,14,inter_node,4,12,1,3,-0.8075847029685974,0.15895383573268285,-0.8072614073753357,,,
44,14,inter_node,8,12,2,3,-0.8571842312812805,0.6728927135540274,-0.8569759130477905,,,
44,14,inter_node,1,5,0,1,0.9255069494247437,0.21651104883078587,0.9253847002983093,,,
44,14,inter_node,1,9,0,2,0.8994714021682739,0.3016010122621383,0.899303674697876,,,
44,14,inter_node,1,13,0,3,0.8669053316116333,0.36643324315703507,0.8666926026344299,,,
44,14,inter_node,5,9,1,2,0.8671609163284302,0.4528121095996219,0.8669041395187378,,,
44,14,inter_node,5,13,1,3,0.8502427339553833,0.5036074461854249,0.8499165177345276,,,
44,14,inter_node,9,13,2,3,0.9438620209693909,0.09282978932270593,0.9437711834907532,,,
44,14,inter_node,2,6,0,1,-0.8717986941337585,0.5365516805745006,-0.8716870546340942,,,
44,14,inter_node,2,10,0,2,0.9721658229827881,0.19958141777989216,0.9721198678016663,,,
44,14,inter_node,2,14,0,3,-0.8727081418037415,0.8035917733468432,-0.8724877834320068,,,
44,14,inter_node,6,10,1,2,-0.877037525177002,0.6290473532331501,-0.8769410848617554,,,
44,14,inter_node,6,14,1,3,0.8119498491287231,0.5762025269686408,0.8117778301239014,,,
44,14,inter_node,10,14,2,3,-0.884725034236908,0.8427912056859146,-0.8845143914222717,,,
44,14,inter_node,3,7,0,1,0.8992424011230469,0.012896534378848993,0.8993391990661621,,,
44,14,inter_node,3,11,0,2,-0.9272834658622742,0.3319006854144924,-0.9274438619613647,,,
44,14,inter_node,3,15,0,3,-0.9088023900985718,0.5267898403050048,-0.90885329246521,,,
44,14,inter_node,7,11,1,2,-0.9213764667510986,0.3231719491886343,-0.9211944341659546,,,
44,14,inter_node,7,15,1,3,-0.9274681210517883,0.5206073363371083,-0.927322506904602,,,
44,14,inter_node,11,15,2,3,0.9292613863945007,0.29170686249157823,0.9291207194328308,,,
44,14,cluster_edge,0,15,0,3,-0.9134994745254517,0.5786199543708727,-0.913394033908844,,,
44,14,cluster_edge,1,14,0,3,0.8840910792350769,0.3718929583001167,0.8838951587677002,,,
44,14,cluster_edge,2,13,0,3,-0.8657076954841614,0.5064471883119297,-0.8654838800430298,,,
44,14,cluster_edge,3,12,0,3,0.8824984431266785,0.2581235485478427,0.8824601769447327,,,
44,14,global_diversity,-1,-1,-1,-1,-0.0027054110541939735,0.4198080003261566,-0.002701028250157833,120,4,
45,14,intra_node,0,1,0,0,-0.7464805245399475,0.6180527007236636,-0.7462823987007141,,,
45,14,intra_node,0,2,0,0,-0.9371317028999329,0.1090030869741962,-0.9370198249816895,,,
45,14,intra_node,0,3,0,0,0.9519460201263428,0.4340547094785144,0.951881468296051,,,
45,14,intra_node,1,2,0,0,0.755793571472168,0.5713259005811224,0.7556325793266296,,,
45,14,intra_node,1,3,0,0,-0.746523380279541,0.325116215872396,-0.7463131546974182,,,
45,14,intra_node,2,3,0,0,-0.9600101113319397,0.3648178997617969,-0.9599770903587341,,,
45,14,intra_node,4,5,1,1,0.6649042367935181,0.6232947677541169,0.6645634770393372,,,
45,14,intra_node,4,6,1,1,-0.6679859161376953,0.5887973982704201,-0.6676492691040039,,,
45,14,intra_node,4,7,1,1,0.625649631023407,0.5379844599291249,0.625292181968689,,,
45,14,intra_node,5,6,1,1,-0.8496255874633789,0.08389385023002194,-0.8493244647979736,,,
45,14,intra_node,5,7,1,1,0.6821473836898804,0.18464813502139993,0.6816919445991516,,,
45,14,intra_node,6,7,1,1,-0.7085863947868347,0.10998101564614104,-0.7081736326217651,,,
45,14,intra_node,8,9,2,2,0.9198884963989258,0.6973141843988121,0.9197725057601929,,,
45,14,intra_node,8,10,2,2,-0.8956303596496582,0.8443996917972869,-0.8955557942390442,,,
45,14,intra_node,8,11,2,2,-0.899463415145874,0.7848521884957179,-0.8992567658424377,,,
45,14,intra_node,9,10,2,2,-0.924681544303894,0.4859345889939931,-0.9245990514755249,,,
45,14,intra_node,9,11,2,2,-0.9405814409255981,0.28920418329824876,-0.9404916763305664,,,
45,14,intra_node,10,11,2,2,0.931666910648346,0.2767748502074993,0.9316229224205017,,,
45,14,intra_node,12,13,3,3,-0.8720759153366089,0.1945789663145361,-0.871869683265686,,,
45,14,intra_node,12,14,3,3,-0.924005389213562,0.11454122640293182,-0.9239185452461243,,,
45,14,intra_node,12,15,3,3,0.9011651873588562,0.2831256570145665,0.9010039567947388,,,
45,14,intra_node,13,14,3,3,0.8457453846931458,0.0903912664239135,0.845513105392456,,,
45,14,intra_node,13,15,3,3,-0.8650755882263184,0.109938388739187,-0.8648609519004822,,,
45,14,intra_node,14,15,3,3,-0.878903329372406,0.19039218497636087,-0.8787174820899963,,,
45,14,inter_node,0,4,0,1,-0.6873831152915955,0.6258456013832374,-0.6870704293251038,,,
45,14,inter_node,0,8,0,2,0.8831733465194702,0.8383972286618177,0.8829576969146729,,,
45,14,inter_node,0,12,0,3,-0.9403117299079895,0.25937642790221344,-0.9402173757553101,,,
45,14,inter_node,4,8,1,2,-0.6263337731361389,0.5680853360654775,-0.6259396076202393,,,
45,14,inter_node,4,12,1,3,0.6995904445648193,0.49481165235264485,0.6993190050125122,,,
45,14,inter_node,8,12,2,3,-0.9091974496841431,0.7818017446022559,-0.9089863896369934,,,
45,14,inter_node,1,5,0,1,0.7157009840011597,0.6154487382441424,0.7154784202575684,,,
45,14,inter_node,1,9,0,2,-0.7247113585472107,0.284603668360399,-0.724480152130127,,,
45,14,inter_node,1,13,0,3,-0.7307789921760559,0.5846359740817146,-0.7305552959442139,,,
45,14,inter_node,5,9,1,2,-0.9019466638565063,0.46246402903057515,-0.9017896056175232,,,
45,14,inter_node,5,13,1,3,-0.7932724356651306,0.07418255371130678,-0.7929186224937439,,,
45,14,inter_node,9,13,2,3,0.8600212335586548,0.41939312860841516,0.8598057627677917,,,
45,14,inter_node,2,6,0,1,-0.9379942417144775,0.02077791915922595,-0.9378678202629089,,,
45,14,inter_node,2,10,0,2,0.9375312924385071,0.14209766870672297,0.9375085234642029,,,
45,14,inter_node,2,14,0,3,-0.9257352352142334,0.06124343862656811,-0.9256302118301392,,,
45,14,inter_node,6,10,1,2,-0.9051377177238464,0.12389400925613335,-0.905055820941925,,,
45,14,inter_node,6,14,1,3,0.904118537902832,0.08074884656897821,0.9039724469184875,,,
45,14,inter_node,10,14,2,3,-0.9245192408561707,0.19463855748087247,-0.9244349002838135,,,
45,14,inter_node,3,7,0,1,-0.7391780018806458,0.3011561002155273,-0.7388466000556946,,,
45,14,inter_node,3,11,0,2,-0.9626457095146179,0.24653587510548036,-0.9626089334487915,,,
45,14,inter_node,3,15,0,3,-0.9073535203933716,0.45220261197043954,-0.9072192311286926,,,
45,14,inter_node,7,11,1,2,0.7345036268234253,0.07249213772147871,0.7341330647468567,,,
45,14,inter_node,7,15,1,3,0.7571040987968445,0.2161376979916342,0.7567784190177917,,,
45,14,inter_node,11,15,2,3,0.9000293612480164,0.2729615519435,0.8998570442199707,,,
45,14,cluster_edge,0,15,0,3,-0.9129877686500549,0.03206653151085146,-0.9128417372703552,,,
45,14,cluster_edge,1,14,0,3,-0.7477490305900574,0.5433596769840807,-0.7475420236587524,,,
45,14,cluster_edge,2,13,0,3,-0.882437527179718,0.031049399808935715,-0.882242739200592,,,
45,14,cluster_edge,3,12,0,3,-0.9622523188591003,0.23585298680344685,-0.9622555375099182,,,
45,14,global_diversity,-1,-1,-1,-1,-0.04665844514966011,0.34285470843315125,-0.04664933308959007,120,4,
46,14,intra_node,0,1,0,0,0.9127249717712402,0.5029479839821768,0.9126551747322083,,,
46,14,intra_node,0,2,0,0,-0.8880242705345154,0.8984930825696829,-0.8878390192985535,,,
46,14,intra_node,0,3,0,0,0.8533865809440613,0.9036441924558499,0.8531208038330078,,,
46,14,intra_node,1,2,0,0,-0.920966625213623,0.7957821029606742,-0.9208870530128479,,,
46,14,intra_node,1,3,0,0,0.9013883471488953,0.8061454245450743,0.9012936353683472,,,
46,14,intra_node,2,3,0,0,-0.9487006664276123,0.050746392625933445,-0.948618471622467,,,
46,14,intra_node,4,5,1,1,0.9106641411781311,0.5793701102419679,0.9105132222175598,,,
46,14,intra_node,4,6,1,1,0.8776376843452454,0.5089541619978554,0.8773624300956726,,,
46,14,intra_node,4,7,1,1,0.8808817863464355,0.5922695276271286,0.8808939456939697,,,
46,14,intra_node,5,6,1,1,0.8406426310539246,0.14339994924018698,0.8403463959693909,,,
46,14,intra_node,5,7,1,1,0.9147276878356934,0.03066690622623376,0.9146865010261536,,,
46,14,intra_node,6,7,1,1,0.8054717183113098,0.16966922267022524,0.8053130507469177,,,
46,14,intra_node,8,9,2,2,-0.781657338142395,0.6466833707482423,-0.7813459038734436,,,
46,14,intra_node,8,10,2,2,-0.8303849697113037,0.7722341944971435,-0.8301286697387695,,,
46,14,intra_node,8,11,2,2,-0.8238575458526611,0.7531372195063276,-0.8234203457832336,,,
46,14,intra_node,9,10,2,2,0.8853479027748108,0.3553493194327947,0.8851963877677917,,,
46,14,intra_node,9,11,2,2,0.8999530076980591,0.30129872172597627,0.8998725414276123,,,
46,14,intra_node,10,11,2,2,0.9170480966567993,0.07735866440710915,0.916968584060669,,,
46,14,intra_node,12,13,3,3,0.9373663067817688,0.4140191907471868,0.9372671842575073,,,
46,14,intra_node,12,14,3,3,-0.9471063613891602,0.45139341782694786,-0.9470141530036926,,,
46,14,intra_node,12,15,3,3,-0.9156137704849243,0.23363738331709463,-0.9155207276344299,,,
46,14,intra_node,13,14,3,3,-0.9339734315872192,0.678527071016815,-0.93387770652771,,,
46,14,intra_node,13,15,3,3,-0.9093683958053589,0.5509262136950476,-0.9092593193054199,,,
46,14,intra_node,14,15,3,3,0.9069787859916687,0.28414229735315133,0.9069010019302368,,,
46,14,inter_node,0,4,0,1,-0.8069096207618713,0.7984428817140465,-0.8065078258514404,,,
46,14,inter_node,0,8,0,2,0.7804110646247864,0.6206823443179298,0.7799562215805054,,,
46,14,inter_node,0,12,0,3,-0.8746203780174255,0.8922443681836754,-0.8743947744369507,,,
46,14,inter_node,4,8,1,2,-0.8595132231712341,0.46863238431777343,-0.8591653108596802,,,
46,14,inter_node,4,12,1,3,0.9268345832824707,0.4653841415640336,0.9267163276672363,,,
46,14,inter_node,8,12,2,3,-0.8365641832351685,0.7159224459969737,-0.8362519145011902,,,
46,14,inter_node,1,5,0,1,-0.9304227828979492,0.829432442254641,-0.9303665161132812,,,
46,14,inter_node,1,9,0,2,-0.8719460964202881,0.730371809785674,-0.8718021512031555,,,
46,14,inter_node,1,13,0,3,-0.9490728974342346,0.8729655442519845,-0.9490289688110352,,,
46,14,inter_node,5,9,1,2,0.9158108234405518,0.3673971641845913,0.9157019853591919,,,
46,14,inter_node,5,13,1,3,0.9531530737876892,0.2552249828325164,0.9530794024467468,,,
46,14,inter_node,9,13,2,3,0.8858658075332642,0.5288532120953802,0.885711669921875,,,
46,14,inter_node,2,6,0,1,0.8369107246398926,0.024955278324087858,0.8366321325302124,,,
46,14,inter_node,2,10,0,2,0.9325870275497437,0.14886991374562158,0.9324893355369568,,,
46,14,inter_node,2,14,0,3,-0.9450662136077881,0.48320693684678423,-0.9449881315231323,,,
46,14,inter_node,6,10,1,2,0.8105367422103882,0.1270861045312348,0.8102394938468933,,,
46,14,inter_node,6,14,1,3,-0.8130565285682678,0.49610365157373065,-0.8126572370529175,,,
46,14,inter_node,10,14,2,3,-0.9565709829330444,0.5601418755827391,-0.9565338492393494,,,
46,14,inter_node,3,7,0,1,-0.8955118656158447,0.1471092283545928,-0.8954487442970276,,,
46,14,inter_node,3,11,0,2,-0.9217730760574341,0.028191309287591445,-0.9216409921646118,,,
46,14,inter_node,3,15,0,3,0.9235740900039673,0.31471341629735355,0.9234932661056519,,,
46,14,inter_node,7,11,1,2,0.894692599773407,0.12236762256141755,0.8947284817695618,,,
46,14,inter_node,7,15,1,3,-0.9014443159103394,0.415525396827605,-0.9013532996177673,,,
46,14,inter_node,11,15,2,3,-0.9092586636543274,0.3340325423291518,-0.9092258214950562,,,
46,14,cluster_edge,0,15,0,3,0.8483014702796936,0.8593934131563855,0.8481140732765198,,,
46,14,cluster_edge,1,14,0,3,0.9199209809303284,0.6048362263353746,0.9198888540267944,,,
46,14,cluster_edge,2,13,0,3,0.942787766456604,0.3779465091467826,0.942699134349823,,,
46,14,cluster_edge,3,12,0,3,-0.9424872398376465,0.10579330360761245,-0.9423865675926208,,,
46,14,global_diversity,-1,-1,-1,-1,0.0021280725486576557,0.45651769638061523,0.002135074231773615,120,4,
47,14,intra_node,0,1,0,0,-0.9011717438697815,0.7925309571218373,-0.9010458588600159,,,
47,14,intra_node,0,2,0,0,-0.8888241052627563,0.6559567553231189,-0.8886938691139221,,,
47,14,intra_node,0,3,0,0,-0.9249871969223022,0.864168280995106,-0.9248283505439758,,,
47,14,intra_node,1,2,0,0,0.9190013408660889,0.39696812511748725,0.9188984632492065,,,
47,14,intra_node,1,3,0,0,0.9086635112762451,0.3452916294376416,0.9085575938224792,,,
47,14,intra_node,2,3,0,0,0.9137631058692932,0.6051899837985061,0.9136834740638733,,,
47,14,intra_node,4,5,1,1,-0.8124457597732544,0.6102748052191871,-0.812354326248169,,,
47,14,intra_node,4,6,1,1,-0.8405702710151672,0.6774840251666621,-0.8403003215789795,,,
47,14,intra_node,4,7,1,1,-0.8273226022720337,0.6093757515919784,-0.8270396590232849,,,
47,14,intra_node,5,6,1,1,0.7737202048301697,0.17245284843663852,0.7735488414764404,,,
47,14,intra_node,5,7,1,1,0.8511992692947388,0.002301581714071154,0.8511103987693787,,,
47,14,intra_node,6,7,1,1,0.7821140289306641,0.1743575158282084,0.781780481338501,,,
47,14,intra_node,8,9,2,2,-0.9030736088752747,0.16060584030897138,-0.9028810262680054,,,
47,14,intra_node,8,10,2,2,0.6652224659919739,0.05917951734833325,0.6649551391601562,,,
47,14,intra_node,8,11,2,2,0.9284014105796814,0.26581721426088606,0.9282404184341431,,,
47,14,intra_node,9,10,2,2,-0.6722503900527954,0.21028078154449623,-0.6719765067100525,,,
47,14,intra_node,9,11,2,2,-0.9123570322990417,0.38373125750489795,-0.9121831655502319,,,
47,14,intra_node,10,11,2,2,0.6617733240127563,0.21963562733046832,0.6615006327629089,,,
47,14,intra_node,12,13,3,3,0.8986400365829468,0.40751312392751843,0.8985850214958191,,,
47,14,intra_node,12,14,3,3,-0.9237774014472961,0.19530426887270202,-0.9236441254615784,,,
47,14,intra_node,12,15,3,3,-0.9196861386299133,0.43633054167147806,-0.9195404052734375,,,
47,14,intra_node,13,14,3,3,-0.8901750445365906,0.5232283400755257,-0.8901103138923645,,,
47,14,intra_node,13,15,3,3,-0.9273453950881958,0.6660332434974662,-0.927383303642273,,,
47,14,intra_node,14,15,3,3,0.9322904348373413,0.299524731492141,0.9321678876876831,,,
47,14,inter_node,0,4,0,1,-0.9006655812263489,0.7786658083570568,-0.9004664421081543,,,
47,14,inter_node,0,8,0,2,0.9141023755073547,0.504548541140219,0.9139193296432495,,,
47,14,inter_node,0,12,0,3,0.8726528286933899,0.6419115314695754,0.8724169135093689,,,
47,14,inter_node,4,8,1,2,-0.8861095905303955,0.5532676558217915,-0.885875403881073,,,
47,14,inter_node,4,12,1,3,-0.8765562772750854,0.381900811966142,-0.8763306140899658,,,
47,14,inter_node,8,12,2,3,0.9292933344841003,0.2772481297067525,0.9291684627532959,,,
47,14,inter_node,1,5,0,1,-0.815880298614502,0.634688556040552,-0.8157427906990051,,,
47,14,inter_node,1,9,0,2,0.9011808633804321,0.5011313087256226,0.9010475277900696,,,
47,14,inter_node,1,13,0,3,-0.9050483107566833,0.6567253740364825,-0.904968798160553,,,
47,14,inter_node,5,9,1,2,-0.8476455807685852,0.2677202431240026,-0.8475922346115112,,,
47,14,inter_node,5,13,1,3,0.779579222202301,0.06032337163348422,0.7794110178947449,,,
47,14,inter_node,9,13,2,3,-0.8649541735649109,0.3118938270377109,-0.8648674488067627,,,
47,14,inter_node,2,6,0,1,-0.8803471922874451,0.498679161958,-0.8801892995834351,,,
47,14,inter_node,2,10,0,2,-0.6556501388549805,0.3466909306214091,-0.6553584337234497,,,
47,14,inter_node,2,14,0,3,0.9181311130523682,0.16245336465486576,0.9180318117141724,,,
47,14,inter_node,6,10,1,2,0.6000755429267883,0.2326436880497585,0.5997136831283569,,,
47,14,inter_node,6,14,1,3,-0.8960650563240051,0.5801204188695199,-0.8958949446678162,,,
47,14,inter_node,10,14,2,3,-0.6597324013710022,0.4528231871015003,-0.6594394445419312,,,
47,14,inter_node,3,7,0,1,-0.8142257928848267,0.7602757949307197,-0.813915491104126,,,
47,14,inter_node,3,11,0,2,-0.9090313911437988,0.7987183041498136,-0.9088295102119446,,,
47,14,inter_node,3,15,0,3,0.934639573097229,0.327044483787498,0.9344963431358337,,,
47,14,inter_node,7,11,1,2,0.8399003148078918,0.16036140033495544,0.8396379947662354,,,
47,14,inter_node,7,15,1,3,-0.8226401209831238,0.6437740693196405,-0.8223454356193542,,,
47,14,inter_node,11,15,2,3,-0.9294348359107971,0.7008989583991657,-0.9292789697647095,,,
47,14,cluster_edge,0,15,0,3,-0.9238588809967041,0.7981564669097655,-0.9236982464790344,,,
47,14,cluster_edge,1,14,0,3,0.9110093116760254,0.2800020328014131,0.9108879566192627,,,
47,14,cluster_edge,2,13,0,3,-0.9039985537528992,0.43075210405685954,-0.9039143323898315,,,
47,14,cluster_edge,3,12,0,3,-0.8831214904785156,0.6206755286973081,-0.8829041719436646,,,
47,14,global_diversity,-1,-1,-1,-1,-0.045347314327955246,0.42272523045539856,-0.045336585491895676,120,4,
48,14,intra_node,0,1,0,0,-0.9062556624412537,0.15057553079035127,-0.9061322808265686,,,
48,14,intra_node,0,2,0,0,-0.8298853635787964,0.048038384922740415,-0.829608678817749,,,
48,14,intra_node,0,3,0,0,-0.9061558842658997,0.32901092482187677,-0.9060205221176147,,,
48,14,intra_node,1,2,0,0,0.8270158767700195,0.19138051040503884,0.8267795443534851,,,
48,14,intra_node,1,3,0,0,0.8947247266769409,0.4300454609713496,0.8945868015289307,,,
48,14,intra_node,2,3,0,0,0.8368614912033081,0.29515112316407116,0.8366082906723022,,,
48,14,intra_node,4,5,1,1,0.8528319001197815,0.5501200860582184,0.8525810241699219,,,
48,14,intra_node,4,6,1,1,0.9136016964912415,0.22198020780810565,0.9135143756866455,,,
48,14,intra_node,4,7,1,1,-0.902418851852417,0.3723350504725551,-0.9022247791290283,,,
48,14,intra_node,5,6,1,1,0.8423089385032654,0.4217628928509042,0.8421064615249634,,,
48,14,intra_node,5,7,1,1,-0.8929749131202698,0.2832483090214193,-0.8927950859069824,,,
48,14,intra_node,6,7,1,1,-0.8641018867492676,0.19325323619449164,-0.86394202709198,,,
48,14,intra_node,8,9,2,2,-0.9202021956443787,0.06399928330047171,-0.9200758934020996,,,
48,14,intra_node,8,10,2,2,0.8943212628364563,0.33319156783908277,0.8942158222198486,,,
48,14,intra_node,8,11,2,2,0.8943895101547241,0.006130018893590177,0.8942136764526367,,,
48,14,intra_node,9,10,2,2,-0.9280609488487244,0.3758668295960927,-0.9279945492744446,,,
48,14,intra_node,9,11,2,2,-0.9143677949905396,0.058226192064337726,-0.9142478108406067,,,
48,14,intra_node,10,11,2,2,0.8881656527519226,0.33727911612663447,0.888122022151947,,,
48,14,intra_node,12,13,3,3,-0.9356238842010498,0.7139550030223857,-0.935493528842926,,,
48,14,intra_node,12,14,3,3,-0.9107835292816162,0.6844765861493209,-0.9106542468070984,,,
48,14,intra_node,12,15,3,3,-0.8782339096069336,0.48950507606730786,-0.8780050873756409,,,
48,14,intra_node,13,14,3,3,0.9285504817962646,0.09342703450532329,0.9284492135047913,,,
48,14,intra_node,13,15,3,3,0.8773810863494873,0.43967122185268026,0.877152144908905,,,
48,14,intra_node,14,15,3,3,0.8690388202667236,0.381926442245525,0.8688355684280396,,,
48,14,inter_node,0,4,0,1,0.8964569568634033,0.2534939834833852,0.8962953090667725,,,
48,14,inter_node,0,8,0,2,-0.9078323841094971,0.08811406895108308,-0.9076907634735107,,,
48,14,inter_node,0,12,0,3,-0.8863275051116943,0.612448048495711,-0.8861501216888428,,,
48,14,inter_node,4,8,1,2,-0.8991018533706665,0.18136030933394295,-0.8989271521568298,,,
48,14,inter_node,4,12,1,3,-0.935291051864624,0.7106901364892929,-0.9351623058319092,,,
48,14,inter_node,8,12,2,3,0.8845025897026062,0.6465968278726868,0.8843006491661072,,,
48,14,inter_node,1,5,0,1,-0.8205235600471497,0.2905226689266785,-0.8202788829803467,,,
48,14,inter_node,1,9,0,2,-0.902540385723114,0.17245979715459447,-0.9024117588996887,,,
48,14,inter_node,1,13,0,3,-0.8958905935287476,0.37305535739226786,-0.8957642912864685,,,
48,14,inter_node,5,9,1,2,0.8449134826660156,0.4128789855293666,0.8446705341339111,,,
48,14,inter_node,5,13,1,3,0.8381834626197815,0.5551969882319487,0.8379054069519043,,,
48,14,inter_node,9,13,2,3,0.9526979923248291,0.24239977652801364,0.9526283144950867,,,
48,14,inter_node,2,6,0,1,-0.8257936239242554,0.007851294497121748,-0.8255730867385864,,,
48,14,inter_node,2,10,0,2,0.8307026624679565,0.3612628719877765,0.8305297493934631,,,
48,14,inter_node,2,14,0,3,-0.8340724110603333,0.14477137813001595,-0.8338086605072021,,,
48,14,inter_node,6,10,1,2,-0.8960347175598145,0.36627778528604626,-0.895922064781189,,,
48,14,inter_node,6,14,1,3,0.8974312543869019,0.15148602990268475,0.8973034620285034,,,
48,14,inter_node,10,14,2,3,-0.8940838575363159,0.2531387377849857,-0.8939698934555054,,,
48,14,inter_node,3,7,0,1,0.8780094385147095,0.4358299669567766,0.8778267502784729,,,
48,14,inter_node,3,11,0,2,0.9094865322113037,0.2686849563488714,0.9093815088272095,,,
48,14,inter_node,3,15,0,3,-0.8645315170288086,0.49060585456942574,-0.8643251061439514,,,
48,14,inter_node,7,11,1,2,0.8883317708969116,0.2285540439226096,0.8880909085273743,,,
48,14,inter_node,7,15,1,3,-0.9350104928016663,0.09709109737215077,-0.9348902702331543,,,
48,14,inter_node,11,15,2,3,-0.8848625421524048,0.30345457836147144,-0.8846450448036194,,,
48,14,cluster_edge,0,15,0,3,0.8356702327728271,0.24083094006359398,0.8354092836380005,,,
48,14,cluster_edge,1,14,0,3,-0.866675078868866,0.30844546829649144,-0.8664986491203308,,,
48,14,cluster_edge,2,13,0,3,-0.8532591462135315,0.22467285209540303,-0.8529621362686157,,,
48,14,cluster_edge,3,12,0,3,0.8956360220909119,0.7399568744766603,0.8954845666885376,,,
48,14,global_diversity,-1,-1,-1,-1,-0.06119779124855995,0.29411497712135315,-0.06118961051106453,120,4,
49,14,intra_node,0,1,0,0,0.9184850454330444,0.24952967067604573,0.9183437824249268,,,
49,14,intra_node,0,2,0,0,-0.7162638306617737,0.04261822474290809,-0.715694785118103,,,
49,14,intra_node,0,3,0,0,-0.8465865850448608,0.2836020106182056,-0.8463413715362549,,,
49,14,intra_node,1,2,0,0,-0.7259941697120667,0.21612218999841976,-0.7254607081413269,,,
49,14,intra_node,1,3,0,0,-0.8864083290100098,0.46236456498162604,-0.8862296342849731,,,
49,14,intra_node,2,3,0,0,0.7674554586410522,0.3141336211350464,0.7670546174049377,,,
49,14,intra_node,4,5,1,1,-0.8902906775474548,0.7289040600955193,-0.8901243209838867,,,
49,14,intra_node,4,6,1,1,0.8590409755706787,0.27747421576891756,0.8587745428085327,,,
49,14,intra_node,4,7,1,1,0.9314010143280029,0.1358650626271266,0.9313046336174011,,,
49,14,intra_node,5,6,1,1,-0.8085891604423523,0.6247940961816566,-0.8082849383354187,,,
49,14,intra_node,5,7,1,1,-0.9064921140670776,0.7657365269486014,-0.906404972076416,,,
49,14,intra_node,6,7,1,1,0.8784685134887695,0.37564022669318736,0.8781615495681763,,,
49,14,intra_node,8,9,2,2,0.9135776162147522,0.3576546408248815,0.9134010076522827,,,
49,14,intra_node,8,10,2,2,-0.8004767894744873,0.4288559937327026,-0.7999393343925476,,,
49,14,intra_node,8,11,2,2,-0.9172571301460266,0.2897409912751933,-0.9171068668365479,,,
49,14,intra_node,9,10,2,2,-0.7744651436805725,0.11084590538531461,-0.7739611864089966,,,
49,14,intra_node,9,11,2,2,-0.9505066871643066,0.5437684219333004,-0.9504134058952332,,,
49,14,intra_node,10,11,2,2,0.7612959742546082,0.5943398242694745,0.7607929706573486,,,
49,14,intra_node,12,13,3,3,-0.7152848839759827,0.7446106966131628,-0.71477872133255,,,
49,14,intra_node,12,14,3,3,-0.8656644821166992,0.6599532957223712,-0.865487277507782,,,
49,14,intra_node,12,15,3,3,-0.7839759588241577,0.7818124614336621,-0.783643364906311,,,
49,14,intra_node,13,14,3,3,0.7650585770606995,0.24895815729381,0.7647267580032349,,,
49,14,intra_node,13,15,3,3,0.8704441785812378,0.1456668870902161,0.8702370524406433,,,
49,14,intra_node,14,15,3,3,0.8434904217720032,0.3583600845953204,0.8432847261428833,,,
49,14,inter_node,0,4,0,1,-0.9516205787658691,0.46533005948182277,-0.9515357613563538,,,
49,14,inter_node,0,8,0,2,-0.8776360154151917,0.3563017633815711,-0.8774079084396362,,,
49,14,inter_node,0,12,0,3,0.886967122554779,0.6841766846070269,0.8867793679237366,,,
49,14,inter_node,4,8,1,2,0.8823885917663574,0.16937796299243457,0.8821753263473511,,,
49,14,inter_node,4,12,1,3,-0.8794171810150146,0.8311387667445855,-0.8792175650596619,,,
49,14,inter_node,8,12,2,3,-0.8173055648803711,0.7967050887985573,-0.8169836401939392,,,
49,14,inter_node,1,5,0,1,0.8883577585220337,0.6194858848781947,0.8881891369819641,,,
49,14,inter_node,1,9,0,2,-0.9301004409790039,0.4490434080538175,-0.9299766421318054,,,
49,14,inter_node,1,13,0,3,-0.794582724571228,0.07194222949838895,-0.7942034006118774,,,
49,14,inter_node,5,9,1,2,-0.903474748134613,0.7903532399450728,-0.9033324122428894,,,
49,14,inter_node,5,13,1,3,-0.7384256720542908,0.5899887623201094,-0.7379973530769348,,,
49,14,inter_node,9,13,2,3,0.770352840423584,0.48868045363525997,0.7698880434036255,,,
49,14,inter_node,2,6,0,1,0.8171905279159546,0.22705736660875764,0.8167521357536316,,,
49,14,inter_node,2,10,0,2,-0.7413886785507202,0.6159897762930381,-0.7407218217849731,,,
49,14,inter_node,2,14,0,3,0.7372561693191528,0.1108177713387202,0.7368780374526978,,,
49,14,inter_node,6,10,1,2,-0.8493216037750244,0.5031840564646581,-0.8489383459091187,,,
49,14,inter_node,6,14,1,3,0.8621683120727539,0.3127131466138566,0.8620158433914185,,,
49,14,inter_node,10,14,2,3,-0.7801830768585205,0.658544933455527,-0.779901921749115,,,
49,14,inter_node,3,7,0,1,0.8752983808517456,0.6690048036652022,0.8751282691955566,,,
49,14,inter_node,3,11,0,2,-0.857414186000824,0.350738087349313,-0.8571845293045044,,,
49,14,inter_node,3,15,0,3,0.8565347194671631,0.50507417812838,0.8563201427459717,,,
49,14,inter_node,7,11,1,2,-0.962230384349823,0.49019773086107643,-0.962190568447113,,,
49,14,inter_node,7,15,1,3,0.8705645203590393,0.3312226161829653,0.8703861236572266,,,
49,14,inter_node,11,15,2,3,-0.8368414640426636,0.2377100639539626,-0.836578905582428,,,
49,14,cluster_edge,0,15,0,3,-0.8511389493942261,0.3091468301038793,-0.8509019017219543,,,
49,14,cluster_edge,1,14,0,3,-0.9289346933364868,0.30298978190467163,-0.9288507699966431,,,
49,14,cluster_edge,2,13,0,3,0.7809499502182007,0.1553566653745081,0.7804653644561768,,,
49,14,cluster_edge,3,12,0,3,-0.776479959487915,0.5591510304690993,-0.7761349081993103,,,
49,14,global_diversity,-1,-1,-1,-1,0.0006918013095855713,0.4174971580505371,0.0006912837270647287,120,4,
50,14,intra_node,0,1,0,0,-0.8252859711647034,0.47778874114906056,-0.8249425292015076,,,
50,14,intra_node,0,2,0,0,-0.7032469511032104,0.6836265839795608,-0.7027348875999451,,,
50,14,intra_node,0,3,0,0,-0.8249800801277161,0.18708963526395406,-0.8245416283607483,,,
50,14,intra_node,1,2,0,0,0.6801350712776184,0.39416584637301894,0.6796303391456604,,,
50,14,intra_node,1,3,0,0,0.7859894633293152,0.5754890550982131,0.7855637073516846,,,
50,14,intra_node,2,3,0,0,0.7661648988723755,0.742816770990036,0.765778124332428,,,
50,14,intra_node,4,5,1,1,-0.8157539367675781,0.9490350978247986,-0.8153951168060303,,,
50,14,intra_node,4,6,1,1,0.693626880645752,0.8913515252010502,0.6932545304298401,,,
50,14,intra_node,4,7,1,1,0.7208523750305176,0.9672905893659902,0.7203260064125061,,,
50,14,intra_node,5,6,1,1,-0.8143684267997742,0.5309193040260326,-0.8142184019088745,,,
50,14,intra_node,5,7,1,1,-0.887958288192749,0.358197323295844,-0.8877113461494446,,,
50,14,intra_node,6,7,1,1,0.8033429980278015,0.6989427537336593,0.8031345009803772,,,
50,14,intra_node,8,9,2,2,-0.889799952507019,0.5572311184541084,-0.8896021246910095,,,
50,14,intra_node,8,10,2,2,-0.8580912947654724,0.5687814044512726,-0.8579345345497131,,,
50,14,intra_node,8,11,2,2,-0.9060171842575073,0.6954815427637155,-0.90581876039505,,,
50,14,intra_node,9,10,2,2,0.8830671310424805,0.02608648999188289,0.8829201459884644,,,
50,14,intra_node,9,11,2,2,0.9377585649490356,0.3122406069435524,0.9376495480537415,,,
50,14,intra_node,10,11,2,2,0.8958606719970703,0.29381881862310805,0.8957469463348389,,,
50,14,intra_node,12,13,3,3,-0.7099481225013733,0.30916710168206124,-0.7095137238502502,,,
50,14,intra_node,12,14,3,3,-0.7376083135604858,0.33204074926567495,-0.7372223138809204,,,
50,14,intra_node,12,15,3,3,0.692632257938385,0.2435491169329105,0.6921740770339966,,,
50,14,intra_node,13,14,3,3,0.8567922711372375,0.03311024654342198,0.8564994931221008,,,
50,14,intra_node,13,15,3,3,-0.878829836845398,0.0867445411433687,-0.8785943984985352,,,
50,14,intra_node,14,15,3,3,-0.7766359448432922,0.11698265454323774,-0.7762047052383423,,,
50,14,inter_node,0,4,0,1,-0.7246307134628296,0.8985985761018744,-0.7240762114524841,,,
50,14,inter_node,0,8,0,2,0.880743145942688,0.36766294960160223,0.8804553151130676,,,
50,14,inter_node,0,12,0,3,-0.7223214507102966,0.6704965401406561,-0.7219005823135376,,,
50,14,inter_node,4,8,1,2,-0.8035017251968384,0.9358801227060617,-0.8031220436096191,,,
50,14,inter_node,4,12,1,3,0.585717499256134,0.9665878799909037,0.585110604763031,,,
50,14,inter_node,8,12,2,3,-0.6806155443191528,0.47891166640995736,-0.6801198720932007,,,
50,14,inter_node,1,5,0,1,-0.8890061974525452,0.7375338067356378,-0.8888023495674133,,,
50,14,inter_node,1,9,0,2,0.9038945436477661,0.25420791552982763,0.9037275314331055,,,
50,14,inter_node,1,13,0,3,-0.8443894386291504,0.7509232449875356,-0.8441011905670166,,,
50,14,inter_node,5,9,1,2,-0.9072669148445129,0.6480705564864984,-0.90711510181427,,,
50,14,inter_node,5,13,1,3,0.8987790942192078,0.051013953779607546,0.8985007405281067,,,
50,14,inter_node,9,13,2,3,-0.8678576350212097,0.6660238688515792,-0.8676443696022034,,,
50,14,inter_node,2,6,0,1,0.7791063785552979,0.6610157155969704,0.77885502576828,,,
50,14,inter_node,2,10,0,2,0.6980067491531372,0.5360714153427001,0.6976156830787659,,,
50,14,inter_node,2,14,0,3,-0.7465500831604004,0.8439333910389732,-0.7461417317390442,,,
50,14,inter_node,6,10,1,2,0.7439798712730408,0.2693179605360284,0.7437015175819397,,,
50,14,inter_node,6,14,1,3,-0.8743216395378113,0.539605178936632,-0.8742113709449768,,,
50,14,inter_node,10,14,2,3,-0.7642709016799927,0.6635977731867679,-0.7639465928077698,,,
50,14,inter_node,3,7,0,1,0.822104275226593,0.6031868968174892,0.821709394454956,,,
50,14,inter_node,3,11,0,2,0.837914764881134,0.6085217369679004,0.8375632762908936,,,
50,14,inter_node,3,15,0,3,0.7960623502731323,0.464158206234104,0.7956314086914062,,,
50,14,inter_node,7,11,1,2,0.8537389039993286,0.8446562956177333,0.8534399271011353,,,
50,14,inter_node,7,15,1,3,0.8739622831344604,0.25945846740750017,0.8737117052078247,,,
50,14,inter_node,11,15,2,3,0.9158018827438354,0.7902295853165224,0.9156362414360046,,,
50,14,cluster_edge,0,15,0,3,-0.8699213862419128,0.5644086519889484,-0.8696519732475281,,,
50,14,cluster_edge,1,14,0,3,-0.7714240550994873,0.7423938415708423,-0.771001398563385,,,
50,14,cluster_edge,2,13,0,3,-0.7047880291938782,0.8491007949388687,-0.7042766213417053,,,
50,14,cluster_edge,3,12,0,3,0.7647148966789246,0.5946620019215347,0.7643725872039795,,,
50,14,global_diversity,-1,-1,-1,-1,0.05716818943619728,0.5523735880851746,0.05713856592774391,120,4,
51,14,intra_node,0,1,0,0,0.8155779838562012,0.8203457367802102,0.8150955438613892,,,
51,14,intra_node,0,2,0,0,-0.9041977524757385,0.7803997816141405,-0.9040454626083374,,,
51,14,intra_node,0,3,0,0,0.8976325392723083,0.18543274322987588,0.8975785970687866,,,
51,14,intra_node,1,2,0,0,-0.8034715056419373,0.18190307577873457,-0.8030837774276733,,,
51,14,intra_node,1,3,0,0,0.799346387386322,0.7794482140957338,0.7990540862083435,,,
51,14,intra_node,2,3,0,0,-0.9090996384620667,0.7304087335199234,-0.9089756608009338,,,
51,14,intra_node,4,5,1,1,0.8221349716186523,0.7280749983662073,0.8220280408859253,,,
51,14,intra_node,4,6,1,1,-0.7389240264892578,0.5814850525119267,-0.7386928796768188,,,
51,14,intra_node,4,7,1,1,0.8013226389884949,0.7550049853927063,0.8011415004730225,,,
51,14,intra_node,5,6,1,1,-0.8241872191429138,0.350262151290207,-0.8237833976745605,,,
51,14,intra_node,5,7,1,1,0.9273625612258911,0.09903461198748587,0.9272418022155762,,,
51,14,intra_node,6,7,1,1,-0.7958104610443115,0.41460868703076514,-0.7954285740852356,,,
51,14,intra_node,8,9,2,2,-0.8985486030578613,0.20931864530181618,-0.898324191570282,,,
51,14,intra_node,8,10,2,2,0.8669164776802063,0.7384345979767556,0.8666431307792664,,,
51,14,intra_node,8,11,2,2,0.9351236820220947,0.22803263003043672,0.9350030422210693,,,
51,14,intra_node,9,10,2,2,-0.8642033934593201,0.6691898696370697,-0.8639103770256042,,,
51,14,intra_node,9,11,2,2,-0.8839191794395447,0.3896197941296716,-0.8836970329284668,,,
51,14,intra_node,10,11,2,2,0.8747445344924927,0.7980800445250845,0.874508798122406,,,
51,14,intra_node,12,13,3,3,0.8577309846878052,0.8416923174664207,0.8575038909912109,,,
51,14,intra_node,12,14,3,3,0.9516117572784424,0.10244371528284016,0.9515573978424072,,,
51,14,intra_node,12,15,3,3,-0.825805127620697,0.11079007270055095,-0.8255221843719482,,,
51,14,intra_node,13,14,3,3,0.8659323453903198,0.8236236710397882,0.8656138181686401,,,
51,14,intra_node,13,15,3,3,-0.9313755035400391,0.8219681565922645,-0.9312597513198853,,,
51,14,intra_node,14,15,3,3,-0.8308008909225464,0.009298979417587075,-0.8304733037948608,,,
51,14,inter_node,0,4,0,1,-0.7820473313331604,0.3503523563515929,-0.7819527983665466,,,
51,14,inter_node,0,8,0,2,0.8633386492729187,0.7691054712540696,0.8630289435386658,,,
51,14,inter_node,0,12,0,3,-0.8227285146713257,0.11926361101452014,-0.8224477767944336,,,
51,14,inter_node,4,8,1,2,-0.8572257161140442,0.6445849823309884,-0.857154905796051,,,
51,14,inter_node,4,12,1,3,0.7984439730644226,0.26238128482832856,0.7982541918754578,,,
51,14,inter_node,8,12,2,3,-0.8788803815841675,0.7378392313142668,-0.8786833882331848,,,
51,14,inter_node,1,5,0,1,-0.8151774406433105,0.016692209834388204,-0.8147467374801636,,,
51,14,inter_node,1,9,0,2,-0.8412351012229919,0.38478717104538046,-0.8408493399620056,,,
51,14,inter_node,1,13,0,3,-0.8442474603652954,0.2239130084393915,-0.8438652157783508,,,
51,14,inter_node,5,9,1,2,0.9577775001525879,0.39505643267909857,0.9576796293258667,,,
51,14,inter_node,5,13,1,3,0.9504228234291077,0.21073848969517725,0.9503076076507568,,,
51,14,inter_node,9,13,2,3,0.9510504603385925,0.5225413264071181,0.9509292244911194,,,
51,14,inter_node,2,6,0,1,-0.8225116729736328,0.19231144963162283,-0.8221650123596191,,,
51,14,inter_node,2,10,0,2,-0.8410211801528931,0.7512291879826449,-0.8407231569290161,,,
51,14,inter_node,2,14,0,3,0.8387746214866638,0.7222045455024593,0.8384625315666199,,,
51,14,inter_node,6,10,1,2,0.8395693898200989,0.6919966094555957,0.8392258882522583,,,
51,14,inter_node,6,14,1,3,-0.8626015782356262,0.6560611706444995,-0.8622838258743286,,,
51,14,inter_node,10,14,2,3,-0.9277139902114868,0.10448206408806693,-0.9275631308555603,,,
51,14,inter_node,3,7,0,1,-0.9014348983764648,0.8046073757293789,-0.9012980461120605,,,
51,14,inter_node,3,11,0,2,0.849767804145813,0.7811806936567561,0.8495523929595947,,,
51,14,inter_node,3,15,0,3,0.9131258726119995,0.03855754830473104,0.9130085706710815,,,
51,14,inter_node,7,11,1,2,-0.8261614441871643,0.10705948421148591,-0.8258605599403381,,,
51,14,inter_node,7,15,1,3,-0.9104145169258118,0.7967713783325316,-0.9102607369422913,,,
51,14,inter_node,11,15,2,3,0.8638814091682434,0.7724051960079259,0.8636382222175598,,,
51,14,cluster_edge,0,15,0,3,0.8855664730072021,0.21684045958024217,0.8853710889816284,,,
51,14,cluster_edge,1,14,0,3,-0.8807517886161804,0.7727363931129134,-0.8804725408554077,,,
51,14,cluster_edge,2,13,0,3,0.9243530631065369,0.365085619276131,0.9242213368415833,,,
51,14,cluster_edge,3,12,0,3,-0.8083103895187378,0.07512932705275858,-0.8080413937568665,,,
51,14,global_diversity,-1,-1,-1,-1,-0.05829324573278427,0.49017494916915894,-0.05827752873301506,120,4,
52,14,intra_node,0,1,0,0,0.794744074344635,0.6689497136730348,0.7944726943969727,,,
52,14,intra_node,0,2,0,0,0.9214698076248169,0.01272331538089606,0.9213131070137024,,,
52,14,intra_node,0,3,0,0,0.7774713039398193,0.6943828518591989,0.7771250009536743,,,
52,14,intra_node,1,2,0,0,0.8196461796760559,0.6731617708729087,0.8194078207015991,,,
52,14,intra_node,1,3,0,0,0.7800630331039429,0.07682560395385028,0.7797847986221313,,,
52,14,intra_node,2,3,0,0,0.7839186191558838,0.6982713152208044,0.7835884690284729,,,
52,14,intra_node,4,5,1,1,0.47025689482688904,0.9699622102370316,0.4696747958660126,,,
52,14,intra_node,4,6,1,1,-0.5960997343063354,0.4053446504011112,-0.5957081913948059,,,
52,14,intra_node,4,7,1,1,-0.6060217618942261,0.19963066916637123,-0.6057277321815491,,,
52,14,intra_node,5,6,1,1,-0.4873450994491577,0.9494870603901407,-0.48622968792915344,,,
52,14,intra_node,5,7,1,1,-0.5100757479667664,0.9759586743076918,-0.5086607336997986,,,
52,14,intra_node,6,7,1,1,0.8960348963737488,0.5240560957648998,0.8958663940429688,,,
52,14,intra_node,8,9,2,2,0.8473213911056519,0.5843704798970246,0.846924901008606,,,
52,14,intra_node,8,10,2,2,0.8021550178527832,0.6987462818969469,0.8016794919967651,,,
52,14,intra_node,8,11,2,2,-0.8722396492958069,0.7855800692883308,-0.8719862103462219,,,
52,14,intra_node,9,10,2,2,0.8943688273429871,0.2751869067711667,0.8941031694412231,,,
52,14,intra_node,9,11,2,2,-0.8872324824333191,0.4841080328977956,-0.8870232105255127,,,
52,14,intra_node,10,11,2,2,-0.8613508939743042,0.28824137985138415,-0.8610745072364807,,,
52,14,intra_node,12,13,3,3,0.8882957696914673,0.7152414901925616,0.8880618810653687,,,
52,14,intra_node,12,14,3,3,-0.84946608543396,0.8246534401869829,-0.8491684198379517,,,
52,14,intra_node,12,15,3,3,0.8774872422218323,0.5850904645035953,0.8772292137145996,,,
52,14,intra_node,13,14,3,3,-0.8194739818572998,0.3842271476571807,-0.819084882736206,,,
52,14,intra_node,13,15,3,3,0.9282082915306091,0.31368530861372346,0.9280252456665039,,,
52,14,intra_node,14,15,3,3,-0.8648395538330078,0.5773860448802908,-0.8645504713058472,,,
52,14,inter_node,0,4,0,1,0.6410586833953857,0.4221077459182963,0.6407345533370972,,,
52,14,inter_node,0,8,0,2,0.9301030039787292,0.21206137422756405,0.92994225025177,,,
52,14,inter_node,0,12,0,3,0.8181584477424622,0.3634881439934828,0.817780613899231,,,
52,14,inter_node,4,8,1,2,0.592281699180603,0.544656371474327,0.5918890237808228,,,
52,14,inter_node,4,12,1,3,0.6273229718208313,0.09209506684226368,0.6269738078117371,,,
52,14,inter_node,8,12,2,3,0.8197394609451294,0.49846772289036223,0.8193547129631042,,,
52,14,inter_node,1,5,0,1,0.5314757823944092,0.9475650475148367,0.530741274356842,,,
52,14,inter_node,1,9,0,2,0.8923401236534119,0.3724042806068888,0.8923036456108093,,,
52,14,inter_node,1,13,0,3,0.8983306884765625,0.4524935483300954,0.8982587456703186,,,
52,14,inter_node,5,9,1,2,0.526900053024292,0.9670920482737303,0.5256718993186951,,,
52,14,inter_node,5,13,1,3,0.5689634680747986,0.9042295258343792,0.5679221749305725,,,
52,14,inter_node,9,13,2,3,0.9146890044212341,0.6563872945918566,0.9144679307937622,,,
52,14,inter_node,2,6,0,1,-0.8556246757507324,0.6607256052215783,-0.8553415536880493,,,
52,14,inter_node,2,10,0,2,0.8436734676361084,0.6225330726154066,0.8433504104614258,,,
52,14,inter_node,2,14,0,3,-0.8583437204360962,0.8898098870882826,-0.8580675721168518,,,
52,14,inter_node,6,10,1,2,-0.9050319194793701,0.101181136240999,-0.9048306345939636,,,
52,14,inter_node,6,14,1,3,0.8786547183990479,0.6752183052785873,0.8784122467041016,,,
52,14,inter_node,10,14,2,3,-0.8441224694252014,0.7080800861807771,-0.8437914848327637,,,
52,14,inter_node,3,7,0,1,-0.785485565662384,0.5767263004114398,-0.7852317094802856,,,
52,14,inter_node,3,11,0,2,-0.774771511554718,0.10957972198233415,-0.7744291424751282,,,
52,14,inter_node,3,15,0,3,0.8136111497879028,0.13586380829668873,0.8133440613746643,,,
52,14,inter_node,7,11,1,2,0.895400881767273,0.6231085147347882,0.8952730298042297,,,
52,14,inter_node,7,15,1,3,-0.9199808239936829,0.6342338771893702,-0.9197697043418884,,,
52,14,inter_node,11,15,2,3,-0.9091522097587585,0.02951874183825933,-0.9089841842651367,,,
52,14,cluster_edge,0,15,0,3,0.8056724667549133,0.7359051614863814,0.8052071928977966,,,
52,14,cluster_edge,1,14,0,3,-0.8259050846099854,0.6628603905791269,-0.8256778717041016,,,
52,14,cluster_edge,2,13,0,3,0.8577253818511963,0.8210539609005509,0.8574311137199402,,,
52,14,cluster_edge,3,12,0,3,0.7643533945083618,0.5198563149188664,0.7639887928962708,,,
52,14,global_diversity,-1,-1,-1,-1,0.13887563347816467,0.5446653962135315,0.1387770026922226,120,4,
53,14,intra_node,0,1,0,0,0.8845655918121338,0.6617407731369014,0.8843874335289001,,,
53,14,intra_node,0,2,0,0,-0.7443060874938965,0.7022355017186883,-0.7437284588813782,,,
53,14,intra_node,0,3,0,0,-0.6679829359054565,0.8206322877254363,-0.6675379276275635,,,
53,14,intra_node,1,2,0,0,-0.724571168422699,0.1197150746110354,-0.7240950465202332,,,
53,14,intra_node,1,3,0,0,-0.6385329961776733,0.46973297982745654,-0.6380849480628967,,,
53,14,intra_node,2,3,0,0,0.8085659146308899,0.39761887898030457,0.8084039092063904,,,
53,14,intra_node,4,5,1,1,0.8657222390174866,0.5928482848291637,0.8655000329017639,,,
53,14,intra_node,4,6,1,1,0.8916980624198914,0.8348203036032646,0.8914343118667603,,,
53,14,intra_node,4,7,1,1,-0.8631687164306641,0.21221219932752494,-0.8629040718078613,,,
53,14,intra_node,5,6,1,1,0.9150173664093018,0.5943043090769546,0.9149231910705566,,,
53,14,intra_node,5,7,1,1,-0.9200192093849182,0.6792508457655408,-0.9198896288871765,,,
53,14,intra_node,6,7,1,1,-0.9243210554122925,0.8698734502598686,-0.9242022633552551,,,
53,14,intra_node,8,9,2,2,-0.8769527673721313,0.8034158203014777,-0.8768002390861511,,,
53,14,intra_node,8,10,2,2,0.8162274360656738,0.5859498088253781,0.8159827589988708,,,
53,14,intra_node,8,11,2,2,0.8577982187271118,0.7286962638063605,0.85760897397995,,,
53,14,intra_node,9,10,2,2,-0.8314315676689148,0.5252165464751236,-0.8311524987220764,,,
53,14,intra_node,9,11,2,2,-0.9131171703338623,0.2754092425833277,-0.9129621386528015,,,
53,14,intra_node,10,11,2,2,0.8529170155525208,0.34475640399059837,0.8526829481124878,,,
53,14,intra_node,12,13,3,3,-0.906268835067749,0.9183993261442351,-0.9061151742935181,,,
53,14,intra_node,12,14,3,3,-0.8767811059951782,0.21317699265049928,-0.8766201734542847,,,
53,14,intra_node,12,15,3,3,0.9247275590896606,0.35789336926083476,0.9246090054512024,,,
53,14,intra_node,13,14,3,3,0.7861384153366089,0.9357947123950614,0.7858439087867737,,,
53,14,intra_node,13,15,3,3,-0.8820473551750183,0.9476036662444294,-0.881790041923523,,,
53,14,intra_node,14,15,3,3,-0.8171212077140808,0.18392494278710583,-0.8168795108795166,,,
53,14,inter_node,0,4,0,1,0.8414536118507385,0.9277119407370349,0.8411227464675903,,,
53,14,inter_node,0,8,0,2,0.8787398934364319,0.6099220860737385,0.8785892128944397,,,
53,14,inter_node,0,12,0,3,-0.9069612622261047,0.9050276345774116,-0.906805694103241,,,
53,14,inter_node,4,8,1,2,0.8193886280059814,0.8146830243851486,0.819153368473053,,,
53,14,inter_node,4,12,1,3,-0.8900372385978699,0.23885164972660572,-0.8898559808731079,,,
53,14,inter_node,8,12,2,3,-0.8893510699272156,0.7565297546157881,-0.8892068862915039,,,
53,14,inter_node,1,5,0,1,0.9002133011817932,0.4751192506883683,0.9000638127326965,,,
53,14,inter_node,1,9,0,2,-0.871914267539978,0.773300650395147,-0.8717145919799805,,,
53,14,inter_node,1,13,0,3,0.9113121032714844,0.7093661853409632,0.9111871719360352,,,
53,14,inter_node,5,9,1,2,-0.8787099123001099,0.568093610020631,-0.8785085678100586,,,
53,14,inter_node,5,13,1,3,0.9030262231826782,0.8474519055864669,0.9028714895248413,,,
53,14,inter_node,9,13,2,3,-0.877104640007019,0.934113503243619,-0.8768506050109863,,,
53,14,inter_node,2,6,0,1,-0.7320239543914795,0.3196020210625331,-0.7312540411949158,,,
53,14,inter_node,2,10,0,2,-0.7749848365783691,0.45758532072692315,-0.774601399898529,,,
53,14,inter_node,2,14,0,3,-0.7702629566192627,0.7490418011273484,-0.7699717879295349,,,
53,14,inter_node,6,10,1,2,0.8704128861427307,0.6309421484765841,0.8702312707901001,,,
53,14,inter_node,6,14,1,3,0.7744453549385071,0.8292485486892609,0.7741533517837524,,,
53,14,inter_node,10,14,2,3,0.8348326683044434,0.5373314763365621,0.834614634513855,,,
53,14,inter_node,3,7,0,1,0.6636675000190735,0.6825089058699634,0.6632238626480103,,,
53,14,inter_node,3,11,0,2,-0.7151097059249878,0.40998525256976553,-0.7147445678710938,,,
53,14,inter_node,3,15,0,3,0.656303882598877,0.6600146994043197,0.6558331251144409,,,
53,14,inter_node,7,11,1,2,-0.8827704787254333,0.46189295180697504,-0.8825660347938538,,,
53,14,inter_node,7,15,1,3,0.9024151563644409,0.06616229121150861,0.9022302031517029,,,
53,14,inter_node,11,15,2,3,-0.8632775545120239,0.4237681310908564,-0.8630266785621643,,,
53,14,cluster_edge,0,15,0,3,-0.88758784532547,0.939017614425173,-0.887357771396637,,,
53,14,cluster_edge,1,14,0,3,0.8512664437294006,0.7790852806296389,0.8510729074478149,,,
53,14,cluster_edge,2,13,0,3,-0.7003797888755798,0.7441594341473596,-0.6996400356292725,,,
53,14,cluster_edge,3,12,0,3,0.7060293555259705,0.4705158235100235,0.7056573033332825,,,
53,14,global_diversity,-1,-1,-1,-1,0.010640663094818592,0.5768569707870483,0.010663675144314766,120,4,
54,14,intra_node,0,1,0,0,0.8721955418586731,0.6096483129837432,0.8719740509986877,,,
54,14,intra_node,0,2,0,0,-0.877190113067627,0.4768159036085854,-0.8769710659980774,,,
54,14,intra_node,0,3,0,0,-0.8706656694412231,0.698636186945424,-0.8704338669776917,,,
54,14,intra_node,1,2,0,0,-0.8564697504043579,0.253892292008396,-0.8561428785324097,,,
54,14,intra_node,1,3,0,0,-0.8268425464630127,0.22796846259812545,-0.8264309763908386,,,
54,14,intra_node,2,3,0,0,0.9007387161254883,0.4239813191318531,0.9005230665206909,,,
54,14,intra_node,4,5,1,1,0.7774121761322021,0.15229592628232966,0.7769274115562439,,,
54,14,intra_node,4,6,1,1,-0.8378245830535889,0.6534851786222816,-0.837482750415802,,,
54,14,intra_node,4,7,1,1,-0.8100316524505615,0.663473499547724,-0.809898853302002,,,
54,14,intra_node,5,6,1,1,-0.7421962022781372,0.5912313835439631,-0.741657018661499,,,
54,14,intra_node,5,7,1,1,-0.7574785351753235,0.7147251146526542,-0.757262110710144,,,
54,14,intra_node,6,7,1,1,0.8547957539558411,0.8833885798069109,0.854712724685669,,,
54,14,intra_node,8,9,2,2,0.5005432367324829,0.9110020037696238,0.4995255172252655,,,
54,14,intra_node,8,10,2,2,0.8065231442451477,0.9067987629770169,0.8062189817428589,,,
54,14,intra_node,8,11,2,2,-0.8093528747558594,0.9228906874730509,-0.8090639114379883,,,
54,14,intra_node,9,10,2,2,0.5794827342033386,0.04509855155216944,0.5788414478302002,,,
54,14,intra_node,9,11,2,2,-0.6148054003715515,0.13358372330824841,-0.6142244935035706,,,
54,14,intra_node,10,11,2,2,-0.821061909198761,0.1726578424282701,-0.8208017349243164,,,
54,14,intra_node,12,13,3,3,0.8963859677314758,0.8108730904962943,0.8962475061416626,,,
54,14,intra_node,12,14,3,3,-0.7949023842811584,0.01207094411254466,-0.7946136593818665,,,
54,14,intra_node,12,15,3,3,0.8020079135894775,0.7116311768586706,0.8017037510871887,,,
54,14,intra_node,13,14,3,3,-0.8531264066696167,0.8131560308510918,-0.8528990149497986,,,
54,14,intra_node,13,15,3,3,0.8582121133804321,0.34414924802389363,0.8579261302947998,,,
54,14,intra_node,14,15,3,3,-0.7380701899528503,0.7151120608066098,-0.7376477122306824,,,
54,14,inter_node,0,4,0,1,0.7867419719696045,0.19354371221804192,0.7863478064537048,,,
54,14,inter_node,0,8,0,2,0.8393607139587402,0.8604702968662317,0.8390763401985168,,,
54,14,inter_node,0,12,0,3,-0.7913250923156738,0.6893771102760414,-0.7910141348838806,,,
54,14,inter_node,4,8,1,2,0.7799096703529358,0.8269841710608709,0.7793732285499573,,,
54,14,inter_node,4,12,1,3,-0.8012028932571411,0.6148298495157349,-0.8008952140808105,,,
54,14,inter_node,8,12,2,3,-0.7784133553504944,0.5508067571653708,-0.778077244758606,,,
54,14,inter_node,1,5,0,1,0.8240842223167419,0.42900677130260834,0.8236761689186096,,,
54,14,inter_node,1,9,0,2,0.5619161128997803,0.7510170437595804,0.5610615015029907,,,
54,14,inter_node,1,13,0,3,-0.875575065612793,0.7623291437068611,-0.8752861618995667,,,
54,14,inter_node,5,9,1,2,0.6195721626281738,0.5639476201698135,0.6188824772834778,,,
54,14,inter_node,5,13,1,3,-0.7613834142684937,0.5837588882878034,-0.7608658075332642,,,
54,14,inter_node,9,13,2,3,-0.5603657960891724,0.045433230121814966,-0.5595607161521912,,,
54,14,inter_node,2,6,0,1,0.8887668251991272,0.4658685949417005,0.8885363340377808,,,
54,14,inter_node,2,10,0,2,-0.8260973691940308,0.650530289398785,-0.8258148431777954,,,
54,14,inter_node,2,14,0,3,-0.8015327453613281,0.41345048464080325,-0.8012122511863708,,,
54,14,inter_node,6,10,1,2,-0.8520070314407349,0.8133372524512558,-0.8517707586288452,,,
54,14,inter_node,6,14,1,3,-0.7764104604721069,0.08936689730072822,-0.7760476469993591,,,
54,14,inter_node,10,14,2,3,0.7506487369537354,0.7950187106141386,0.7502860426902771,,,
54,14,inter_node,3,7,0,1,0.848922610282898,0.8742437613709442,0.8488527536392212,,,
54,14,inter_node,3,11,0,2,0.8381162285804749,0.8334551287415848,0.8378626704216003,,,
54,14,inter_node,3,15,0,3,0.8335244059562683,0.7202269021926855,0.8331853151321411,,,
54,14,inter_node,7,11,1,2,0.8213843107223511,0.24491076981932872,0.8212176561355591,,,
54,14,inter_node,7,15,1,3,0.8147954940795898,0.5505063223924885,0.814644992351532,,,
54,14,inter_node,11,15,2,3,0.8217937350273132,0.4047144898359093,0.8215119242668152,,,
54,14,cluster_edge,0,15,0,3,-0.8104618191719055,0.0716433570056786,-0.8101264238357544,,,
54,14,cluster_edge,1,14,0,3,0.8258230090141296,0.21385410031738045,0.8255560994148254,,,
54,14,cluster_edge,2,13,0,3,0.8719017505645752,0.6814523509844059,0.8716259598731995,,,
54,14,cluster_edge,3,12,0,3,0.9004514813423157,0.029808095203836194,0.9003231525421143,,,
54,14,global_diversity,-1,-1,-1,-1,-0.04636096954345703,0.547696053981781,-0.04632681608200073,120,4,
55,14,intra_node,0,1,0,0,0.776857852935791,0.6926949140598286,0.7767434120178223,,,
55,14,intra_node,0,2,0,0,0.7322404980659485,0.5777281186427804,0.7321078777313232,,,
55,14,intra_node,0,3,0,0,0.683926522731781,0.6544151808152395,0.683753252029419,,,
55,14,intra_node,1,2,0,0,0.7392815351486206,0.2722577573660237,0.7389899492263794,,,
55,14,intra_node,1,3,0,0,0.7334777116775513,0.11076798261825149,0.7332658171653748,,,
55,14,intra_node,2,3,0,0,0.6578242182731628,0.18160589316527548,0.6575297713279724,,,
55,14,intra_node,4,5,1,1,0.8006736040115356,0.4330470461764172,0.8003388047218323,,,
55,14,intra_node,4,6,1,1,0.8290533423423767,0.44734878014723045,0.828838586807251,,,
55,14,intra_node,4,7,1,1,0.9100412726402283,0.6564323752756857,0.9099027514457703,,,
55,14,intra_node,5,6,1,1,0.7800911068916321,0.025225609769489777,0.7798184752464294,,,
55,14,intra_node,5,7,1,1,0.8486996293067932,0.3940103452900938,0.8484385013580322,,,
55,14,intra_node,6,7,1,1,0.8730322122573853,0.37832829751856273,0.8728758096694946,,,
55,14,intra_node,8,9,2,2,-0.7797598838806152,0.5169086450375753,-0.7794287800788879,,,
55,14,intra_node,8,10,2,2,0.9198649525642395,0.4355085023186966,0.919762134552002,,,
55,14,intra_node,8,11,2,2,0.8800413012504578,0.5124516456258374,0.8798838257789612,,,
55,14,intra_node,9,10,2,2,-0.7824557423591614,0.14420083039910558,-0.7819851040840149,,,
55,14,intra_node,9,11,2,2,-0.8298934102058411,0.7644696048756854,-0.8294922709465027,,,
55,14,intra_node,10,11,2,2,0.8933466076850891,0.7247830992472741,0.8931277394294739,,,
55,14,intra_node,12,13,3,3,-0.8154078125953674,0.3787872384628575,-0.815114438533783,,,
55,14,intra_node,12,14,3,3,0.8692106604576111,0.42171131576541004,0.869060218334198,,,
55,14,intra_node,12,15,3,3,0.8916339874267578,0.72292263461628,0.891474723815918,,,
55,14,intra_node,13,14,3,3,-0.8775712847709656,0.06909722394681696,-0.8774176836013794,,,
55,14,intra_node,13,15,3,3,-0.8504992723464966,0.553973481326891,-0.8502860069274902,,,
55,14,intra_node,14,15,3,3,0.9213928580284119,0.5208667004258377,0.9212967753410339,,,
55,14,inter_node,0,4,0,1,0.7372321486473083,0.0604394207719594,0.7371182441711426,,,
55,14,inter_node,0,8,0,2,-0.7366709113121033,0.4348878588411515,-0.7365434169769287,,,
55,14,inter_node,0,12,0,3,0.824386715888977,0.5112186859308119,0.8244418501853943,,,
55,14,inter_node,4,8,1,2,-0.899434506893158,0.46904290932399406,-0.8992941379547119,,,
55,14,inter_node,4,12,1,3,0.8527732491493225,0.5407603454373108,0.852533757686615,,,
55,14,inter_node,8,12,2,3,-0.8837000727653503,0.13507199992754074,-0.8835407495498657,,,
55,14,inter_node,1,5,0,1,0.815948486328125,0.4907306812700476,0.8157933354377747,,,
55,14,inter_node,1,9,0,2,0.8363303542137146,0.1116294442608244,0.8362178206443787,,,
55,14,inter_node,1,13,0,3,-0.6902387738227844,0.011935682835433852,-0.6898808479309082,,,
55,14,inter_node,5,9,1,2,0.8873271346092224,0.5475801322989609,0.8870429992675781,,,
55,14,inter_node,5,13,1,3,-0.7416144013404846,0.4968091583362258,-0.7411807775497437,,,
55,14,inter_node,9,13,2,3,-0.7171468734741211,0.10089804853137525,-0.7166640758514404,,,
55,14,inter_node,2,6,0,1,0.9204001426696777,0.2820969190199185,0.9203050136566162,,,
55,14,inter_node,2,10,0,2,-0.9130494594573975,0.2445601684503623,-0.9129384160041809,,,
55,14,inter_node,2,14,0,3,0.9164643287658691,0.3306286412369188,0.9163622260093689,,,
55,14,inter_node,6,10,1,2,-0.8870738744735718,0.4576674174354413,-0.8869515657424927,,,
55,14,inter_node,6,14,1,3,0.857837438583374,0.5194562392241605,0.8576720952987671,,,
55,14,inter_node,10,14,2,3,-0.8800159096717834,0.1139316053933823,-0.8798772692680359,,,
55,14,inter_node,3,7,0,1,0.6592283844947815,0.05492296270291642,0.6589307188987732,,,
55,14,inter_node,3,11,0,2,-0.6606104969978333,0.7018480092381142,-0.6603317260742188,,,
55,14,inter_node,3,15,0,3,0.6778122186660767,0.6081128821845674,0.6775357723236084,,,
55,14,inter_node,7,11,1,2,-0.902627170085907,0.6845209660213529,-0.9024658799171448,,,
55,14,inter_node,7,15,1,3,0.8948922753334045,0.6296364837400977,0.8947362899780273,,,
55,14,inter_node,11,15,2,3,-0.9277065396308899,0.8831580756693911,-0.9276197552680969,,,
55,14,cluster_edge,0,15,0,3,0.7374241352081299,0.8645697612489168,0.7373036742210388,,,
55,14,cluster_edge,1,14,0,3,0.7780157923698425,0.08020818423241266,0.7777774930000305,,,
55,14,cluster_edge,2,13,0,3,-0.8691027164459229,0.28094385796005017,-0.8689239621162415,,,
55,14,cluster_edge,3,12,0,3,0.705005407333374,0.2929663855033498,0.704779326915741,,,
55,14,global_diversity,-1,-1,-1,-1,0.15656906366348267,0.42503622174263,0.15654030442237854,120,4,
56,14,intra_node,0,1,0,0,-0.8959818482398987,0.8083763009997471,-0.8958062529563904,,,
56,14,intra_node,0,2,0,0,0.8010460734367371,0.3271121483134088,0.800745964050293,,,
56,14,intra_node,0,3,0,0,-0.752650260925293,0.0026229668980158735,-0.7522783875465393,,,
56,14,intra_node,1,2,0,0,-0.8776006698608398,0.7152219370286613,-0.8774117231369019,,,
56,14,intra_node,1,3,0,0,0.8368690013885498,0.807872356550786,0.8366134166717529,,,
56,14,intra_node,2,3,0,0,-0.8286493420600891,0.32534254413918623,-0.8284033536911011,,,
56,14,intra_node,4,5,1,1,-0.9205515384674072,0.8858668217640371,-0.9204325079917908,,,
56,14,intra_node,4,6,1,1,0.8295211791992188,0.8745392456541589,0.8291720747947693,,,
56,14,intra_node,4,7,1,1,-0.8229020237922668,0.598373871959603,-0.8225283026695251,,,
56,14,intra_node,5,6,1,1,-0.8604738712310791,0.09028780489118529,-0.860249400138855,,,
56,14,intra_node,5,7,1,1,0.8488426804542542,0.7158223276138973,0.8485981225967407,,,
56,14,intra_node,6,7,1,1,-0.9347025156021118,0.6876180467690542,-0.9345639944076538,,,
56,14,intra_node,8,9,2,2,0.8924071788787842,0.38414467068761016,0.8921422958374023,,,
56,14,intra_node,8,10,2,2,-0.8409673571586609,0.8292165741983902,-0.8405904769897461,,,
56,14,intra_node,8,11,2,2,-0.8146243691444397,0.8180840931583628,-0.8141820430755615,,,
56,14,intra_node,9,10,2,2,-0.8103890419006348,0.7226890510271438,-0.8099385499954224,,,
56,14,intra_node,9,11,2,2,-0.7934169173240662,0.7046125962005582,-0.7929230332374573,,,
56,14,intra_node,10,11,2,2,0.8714345693588257,0.06119575375955753,0.8711377382278442,,,
56,14,intra_node,12,13,3,3,-0.809008002281189,0.5353992446322803,-0.8086423873901367,,,
56,14,intra_node,12,14,3,3,-0.8251504898071289,0.41978059554349084,-0.8247936964035034,,,
56,14,intra_node,12,15,3,3,-0.7494136095046997,0.2501185763004956,-0.7490473389625549,,,
56,14,intra_node,13,14,3,3,0.790713906288147,0.7304296264104974,0.7903251647949219,,,
56,14,intra_node,13,15,3,3,0.6963279843330383,0.6516045241129892,0.6958906650543213,,,
56,14,intra_node,14,15,3,3,0.8750240802764893,0.22625179645866636,0.874862551689148,,,
56,14,inter_node,0,4,0,1,0.8647818565368652,0.23986520569930342,0.864549994468689,,,
56,14,inter_node,0,8,0,2,0.8427394032478333,0.03495575854070249,0.8424667716026306,,,
56,14,inter_node,0,12,0,3,0.872528076171875,0.49702709636638975,0.8723097443580627,,,
56,14,inter_node,4,8,1,2,0.9272951483726501,0.21233166144667717,0.9271420240402222,,,
56,14,inter_node,4,12,1,3,0.8392741680145264,0.6176727953576416,0.8389398455619812,,,
56,14,inter_node,8,12,2,3,0.8580547571182251,0.5146088957383222,0.8577336668968201,,,
56,14,inter_node,1,5,0,1,0.893210768699646,0.2164403212675528,0.893041729927063,,,
56,14,inter_node,1,9,0,2,-0.87186199426651,0.6997259933533493,-0.8715983033180237,,,
56,14,inter_node,1,13,0,3,0.8260430693626404,0.1799794831294011,0.8257229924201965,,,
56,14,inter_node,5,9,1,2,-0.8534053564071655,0.7647173958202457,-0.853175938129425,,,
56,14,inter_node,5,13,1,3,0.7584788799285889,0.3574649872468582,0.7580903172492981,,,
56,14,inter_node,9,13,2,3,-0.79643714427948,0.6338213490162775,-0.7960339188575745,,,
56,14,inter_node,2,6,0,1,0.841997504234314,0.7547129644610514,0.8417483568191528,,,
56,14,inter_node,2,10,0,2,-0.8075582981109619,0.7369999628966731,-0.8072482943534851,,,
56,14,inter_node,2,14,0,3,-0.8653042912483215,0.22377013602304013,-0.8650946617126465,,,
56,14,inter_node,6,10,1,2,-0.8450963497161865,0.06734980633260977,-0.8447612524032593,,,
56,14,inter_node,6,14,1,3,-0.8709328174591064,0.8096008777682902,-0.8706735968589783,,,
56,14,inter_node,10,14,2,3,0.827295184135437,0.7958515169733492,0.8269340991973877,,,
56,14,inter_node,3,7,0,1,0.8749834299087524,0.47024875912084374,0.8747974038124084,,,
56,14,inter_node,3,11,0,2,0.7684553861618042,0.8109990057735782,0.7680742740631104,,,
56,14,inter_node,3,15,0,3,0.8899068832397461,0.3274994705774864,0.8897619843482971,,,
56,14,inter_node,7,11,1,2,0.8181275129318237,0.6432268966227196,0.8177154064178467,,,
56,14,inter_node,7,15,1,3,0.813664436340332,0.21226643295870457,0.8134090304374695,,,
56,14,inter_node,11,15,2,3,0.7239038348197937,0.7189578506522221,0.7234921455383301,,,
56,14,cluster_edge,0,15,0,3,-0.7194587588310242,0.3292634172050598,-0.7190693616867065,,,
56,14,cluster_edge,1,14,0,3,0.8916337490081787,0.7789467629161356,0.8914233446121216,,,
56,14,cluster_edge,2,13,0,3,-0.7786622643470764,0.6527183684889711,-0.7783151268959045,,,
56,14,cluster_edge,3,12,0,3,-0.7805708646774292,0.4957043455579751,-0.780214250087738,,,
56,14,global_diversity,-1,-1,-1,-1,-0.0383651927113533,0.5082606077194214,-0.038340892642736435,120,4,
57,14,intra_node,0,1,0,0,-0.7862301468849182,0.15342553963778938,-0.7858083248138428,,,
57,14,intra_node,0,2,0,0,-0.8991926908493042,0.026979553939287686,-0.8989779353141785,,,
57,14,intra_node,0,3,0,0,0.8221702575683594,0.35044438786177545,0.8218887448310852,,,
57,14,intra_node,1,2,0,0,0.8256515264511108,0.12995203359849236,0.8253210783004761,,,
57,14,intra_node,1,3,0,0,-0.6867172718048096,0.4501028081788372,-0.686221718788147,,,
57,14,intra_node,2,3,0,0,-0.8352819085121155,0.3679691085360257,-0.8350223302841187,,,
57,14,intra_node,4,5,1,1,0.8641025424003601,0.03616980809655931,0.8638503551483154,,,
57,14,intra_node,4,6,1,1,0.7987511157989502,0.18239844378478923,0.7984035015106201,,,
57,14,intra_node,4,7,1,1,0.9000268578529358,0.755598772624191,0.8998474478721619,,,
57,14,intra_node,5,6,1,1,0.8776771426200867,0.21197093517254165,0.8774518370628357,,,
57,14,intra_node,5,7,1,1,0.833298921585083,0.7644387181169375,0.8329662084579468,,,
57,14,intra_node,6,7,1,1,0.7975656986236572,0.701075388717243,0.7972012758255005,,,
57,14,intra_node,8,9,2,2,-0.8746137022972107,0.9672515493460421,-0.8743188381195068,,,
57,14,intra_node,8,10,2,2,0.8344752192497253,0.9299821261937099,0.834187924861908,,,
57,14,intra_node,8,11,2,2,-0.8407549858093262,0.9756972900531713,-0.8405269980430603,,,
57,14,intra_node,9,10,2,2,-0.8345692753791809,0.5322844171966861,-0.8342837691307068,,,
57,14,intra_node,9,11,2,2,0.8610310554504395,0.25789741311344766,0.8608487844467163,,,
57,14,intra_node,10,11,2,2,-0.8288114666938782,0.6529070560745093,-0.8285658359527588,,,
57,14,intra_node,12,13,3,3,0.8949848413467407,0.4529418216133378,0.8949422240257263,,,
57,14,intra_node,12,14,3,3,-0.828694760799408,0.6746886138579331,-0.8285062909126282,,,
57,14,intra_node,12,15,3,3,0.9184316396713257,0.6297977188154308,0.9183579087257385,,,
57,14,intra_node,13,14,3,3,-0.8192625045776367,0.4053440767461921,-0.8190101981163025,,,
57,14,intra_node,13,15,3,3,0.9023061394691467,0.7974778144205826,0.9021506309509277,,,
57,14,intra_node,14,15,3,3,-0.8183744549751282,0.8795689827548926,-0.8181207180023193,,,
57,14,inter_node,0,4,0,1,0.855392575263977,0.2194152403450448,0.8551214337348938,,,
57,14,inter_node,0,8,0,2,-0.831463634967804,0.9667134017086586,-0.831078290939331,,,
57,14,inter_node,0,12,0,3,0.8709889054298401,0.7682912378976916,0.8709047436714172,,,
57,14,inter_node,4,8,1,2,-0.871545672416687,0.9740169886730222,-0.8713067173957825,,,
57,14,inter_node,4,12,1,3,0.8671778440475464,0.8191316716244225,0.8670437932014465,,,
57,14,inter_node,8,12,2,3,-0.7812172174453735,0.856342945388297,-0.7809845805168152,,,
57,14,inter_node,1,5,0,1,-0.7430996298789978,0.11129948525350052,-0.7426024079322815,,,
57,14,inter_node,1,9,0,2,-0.8214096426963806,0.13951397934667387,-0.8210558891296387,,,
57,14,inter_node,1,13,0,3,-0.7694047093391418,0.6414298734799061,-0.7689483761787415,,,
57,14,inter_node,5,9,1,2,0.878419816493988,0.23528563051322207,0.8781468272209167,,,
57,14,inter_node,5,13,1,3,0.7933958172798157,0.6813385439888752,0.7929395437240601,,,
57,14,inter_node,9,13,2,3,0.9031604528427124,0.5832934900582712,0.9029319286346436,,,
57,14,inter_node,2,6,0,1,-0.8339033126831055,0.018802592307350548,-0.8335972428321838,,,
57,14,inter_node,2,10,0,2,0.8491660356521606,0.5374246752066456,0.8489078283309937,,,
57,14,inter_node,2,14,0,3,0.8729531764984131,0.30694905662323196,0.8727836608886719,,,
57,14,inter_node,6,10,1,2,-0.7730075120925903,0.5461222904501754,-0.7726345062255859,,,
57,14,inter_node,6,14,1,3,-0.7705089449882507,0.31998021095977003,-0.7701784372329712,,,
57,14,inter_node,10,14,2,3,0.8452550768852234,0.33255220382568423,0.8450397253036499,,,
57,14,inter_node,3,7,0,1,0.8226159811019897,0.5179778722798871,0.822336733341217,,,
57,14,inter_node,3,11,0,2,0.7680692076683044,0.525756236850542,0.7677474617958069,,,
57,14,inter_node,3,15,0,3,0.8509964942932129,0.867941850246883,0.8507740497589111,,,
57,14,inter_node,7,11,1,2,0.8397771716117859,0.771404012228705,0.8395407795906067,,,
57,14,inter_node,7,15,1,3,0.9268816709518433,0.7260330135097101,0.9267621040344238,,,
57,14,inter_node,11,15,2,3,0.8097798228263855,0.9373722461065271,0.8095061779022217,,,
57,14,cluster_edge,0,15,0,3,0.8884856104850769,0.9142208876992728,0.8883028030395508,,,
57,14,cluster_edge,1,14,0,3,0.7998759746551514,0.39701243610239656,0.7995871901512146,,,
57,14,cluster_edge,2,13,0,3,-0.8850007653236389,0.5878731514043655,-0.8847552537918091,,,
57,14,cluster_edge,3,12,0,3,0.8257301449775696,0.643281102075982,0.8255356550216675,,,
57,14,global_diversity,-1,-1,-1,-1,0.08310461044311523,0.53298419713974,0.08310960233211517,120,4,
58,14,intra_node,0,1,0,0,-0.7490694522857666,0.8081944078594475,-0.7487797141075134,,,
58,14,intra_node,0,2,0,0,0.6964243054389954,0.7222061079815887,0.6960941553115845,,,
58,14,intra_node,0,3,0,0,-0.7792564034461975,0.560587404758354,-0.7789772152900696,,,
58,14,intra_node,1,2,0,0,-0.8116427659988403,0.94671757804838,-0.8114378452301025,,,
58,14,intra_node,1,3,0,0,0.8166322708129883,0.5634954614009802,0.8164152503013611,,,
58,14,intra_node,2,3,0,0,-0.7764017581939697,0.8779338649659123,-0.7761570811271667,,,
58,14,intra_node,4,5,1,1,-0.7600343227386475,0.5834385509541774,-0.7596731781959534,,,
58,14,intra_node,4,6,1,1,-0.8205349445343018,0.35571001465842955,-0.8202572464942932,,,
58,14,intra_node,4,7,1,1,-0.8505814075469971,0.7022321134126113,-0.8503538370132446,,,
58,14,intra_node,5,6,1,1,0.7552194595336914,0.7316136301004036,0.7548139095306396,,,
58,14,intra_node,5,7,1,1,0.7974184155464172,0.28517656333907726,0.7970561981201172,,,
58,14,intra_node,6,7,1,1,0.8328202366828918,0.8081511327154209,0.8325018882751465,,,
58,14,intra_node,8,9,2,2,-0.8585260510444641,0.7777730149132156,-0.8583418726921082,,,
58,14,intra_node,8,10,2,2,0.8457975387573242,0.7096930774083436,0.8455877304077148,,,
58,14,intra_node,8,11,2,2,-0.880323052406311,0.6724723115398357,-0.8801775574684143,,,
58,14,intra_node,9,10,2,2,-0.8514938354492188,0.23451021042523548,-0.8512176871299744,,,
58,14,intra_node,9,11,2,2,0.870265543460846,0.32150168392919587,0.8699995279312134,,,
58,14,intra_node,10,11,2,2,-0.8471428155899048,0.1136415856732522,-0.8468562364578247,,,
58,14,intra_node,12,13,3,3,0.8332141637802124,0.6589583005578699,0.8328198790550232,,,
58,14,intra_node,12,14,3,3,-0.8579069972038269,0.19678884353625797,-0.8575809597969055,,,
58,14,intra_node,12,15,3,3,-0.897552490234375,0.18485166927341273,-0.8974189758300781,,,
58,14,intra_node,13,14,3,3,-0.8306106328964233,0.5754021882071241,-0.830239474773407,,,
58,14,intra_node,13,15,3,3,-0.8416756391525269,0.7220004279915891,-0.8414198756217957,,,
58,14,intra_node,14,15,3,3,0.8776224255561829,0.345263766587609,0.8774311542510986,,,
58,14,inter_node,0,4,0,1,0.7446336150169373,0.19004012926509503,0.7443118095397949,,,
58,14,inter_node,0,8,0,2,0.7881034016609192,0.08522562349592873,0.7878509163856506,,,
58,14,inter_node,0,12,0,3,0.7582157850265503,0.6785056212863142,0.7579070329666138,,,
58,14,inter_node,4,8,1,2,0.8967739343643188,0.11457962581956932,0.8966389298439026,,,
58,14,inter_node,4,12,1,3,0.8667808175086975,0.6030736949696253,0.8665957450866699,,,
58,14,inter_node,8,12,2,3,0.8696706295013428,0.6485533624779498,0.8695399761199951,,,
58,14,inter_node,1,5,0,1,0.7453211545944214,0.431515422448085,0.7449878454208374,,,
58,14,inter_node,1,9,0,2,0.8396143317222595,0.05648137078316824,0.8394186496734619,,,
58,14,inter_node,1,13,0,3,-0.7993946075439453,0.7965323519252764,-0.7991415858268738,,,
58,14,inter_node,5,9,1,2,0.7831270694732666,0.39748452235247755,0.7827481031417847,,,
58,14,inter_node,5,13,1,3,-0.7993865609169006,0.642087655304699,-0.7990299463272095,,,
58,14,inter_node,9,13,2,3,-0.908725380897522,0.784352272679966,-0.9085336923599243,,,
58,14,inter_node,2,6,0,1,-0.7350554466247559,0.6507754117101575,-0.7347330451011658,,,
58,14,inter_node,2,10,0,2,0.7628121376037598,0.9262275722528028,0.7625277638435364,,,
58,14,inter_node,2,14,0,3,-0.7390834093093872,0.8888098428337164,-0.7387680411338806,,,
58,14,inter_node,6,10,1,2,-0.8891007304191589,0.7887536266891693,-0.8889065384864807,,,
58,14,inter_node,6,14,1,3,0.8339279294013977,0.6816084522834338,0.8336156606674194,,,
58,14,inter_node,10,14,2,3,-0.8376412391662598,0.33652015945196095,-0.8373338580131531,,,
58,14,inter_node,3,7,0,1,0.8686931729316711,0.4511308015722781,0.8683850169181824,,,
58,14,inter_node,3,11,0,2,0.90559983253479,0.31814895557511275,0.9053950905799866,,,
58,14,inter_node,3,15,0,3,0.8991976976394653,0.40360014941691735,0.899055540561676,,,
58,14,inter_node,7,11,1,2,0.8906371593475342,0.19503064061349343,0.8903994560241699,,,
58,14,inter_node,7,15,1,3,0.8669815063476562,0.07969594913360793,0.8667758107185364,,,
58,14,inter_node,11,15,2,3,0.8907462358474731,0.12532237728531911,0.8905771970748901,,,
58,14,cluster_edge,0,15,0,3,-0.7459918260574341,0.7379343938535577,-0.7456685900688171,,,
58,14,cluster_edge,1,14,0,3,0.7867099642753601,0.5207991128932675,0.7864323258399963,,,
58,14,cluster_edge,2,13,0,3,0.794638454914093,0.7381282849839003,0.7944165468215942,,,
58,14,cluster_edge,3,12,0,3,-0.8918105363845825,0.2683542024167821,-0.8915465474128723,,,
58,14,global_diversity,-1,-1,-1,-1,-0.04062080755829811,0.508253812789917,-0.04061130806803703,120,4,
59,14,intra_node,0,1,0,0,0.8205042481422424,0.7480403101836903,0.8201689124107361,,,
59,14,intra_node,0,2,0,0,0.6254574656486511,0.6317062807418061,0.6248308420181274,,,
59,14,intra_node,0,3,0,0,-0.8140028119087219,0.7058923325982039,-0.8136765956878662,,,
59,14,intra_node,1,2,0,0,0.6492857336997986,0.3158729659473984,0.6485974192619324,,,
59,14,intra_node,1,3,0,0,-0.8741763234138489,0.14330798635013395,-0.8739283084869385,,,
59,14,intra_node,2,3,0,0,-0.6848595142364502,0.20143175942783162,-0.6843098998069763,,,
59,14,intra_node,4,5,1,1,-0.7772836089134216,0.11257486506916418,-0.7769843339920044,,,
59,14,intra_node,4,6,1,1,0.6909014582633972,0.4727326126909707,0.6905202865600586,,,
59,14,intra_node,4,7,1,1,-0.8916911482810974,0.5296471074150904,-0.8915541172027588,,,
59,14,intra_node,5,6,1,1,-0.7826741933822632,0.4058457817400862,-0.7823724150657654,,,
59,14,intra_node,5,7,1,1,0.8213071227073669,0.46998019993926804,0.821014404296875,,,
59,14,intra_node,6,7,1,1,-0.7285881638526917,0.10794237628575774,-0.7282044887542725,,,
59,14,intra_node,8,9,2,2,0.9063981175422668,0.3141507486848683,0.9062250852584839,,,
59,14,intra_node,8,10,2,2,-0.8432204723358154,0.8651786781421634,-0.8430144786834717,,,
59,14,intra_node,8,11,2,2,-0.8762436509132385,0.12785655145373329,-0.87612384557724,,,
59,14,intra_node,9,10,2,2,-0.806242048740387,0.8034242632775154,-0.8059829473495483,,,
59,14,intra_node,9,11,2,2,-0.855689525604248,0.2136049953039947,-0.8555607795715332,,,
59,14,intra_node,10,11,2,2,0.8637887835502625,0.845413822597001,0.8636422753334045,,,
59,14,intra_node,12,13,3,3,-0.8425136804580688,0.5907954201232903,-0.8423551917076111,,,
59,14,intra_node,12,14,3,3,0.8165957927703857,0.8846683145824848,0.8163755536079407,,,
59,14,intra_node,12,15,3,3,0.6953961849212646,0.7715131279405069,0.6950659155845642,,,
59,14,intra_node,13,14,3,3,-0.895771324634552,0.7181564159123934,-0.8955568075180054,,,
59,14,intra_node,13,15,3,3,-0.7666679620742798,0.4416316842584349,-0.7663929462432861,,,
59,14,intra_node,14,15,3,3,0.7620828747749329,0.4952371469837215,0.7617901563644409,,,
59,14,inter_node,0,4,0,1,-0.8108443021774292,0.28498142064500326,-0.8105908036231995,,,
59,14,inter_node,0,8,0,2,-0.8304835557937622,0.7200718468887094,-0.8301923274993896,,,
59,14,inter_node,0,12,0,3,-0.8610823154449463,0.8908083487085666,-0.8609194159507751,,,
59,14,inter_node,4,8,1,2,0.8717790246009827,0.6085022666630454,0.8716144561767578,,,
59,14,inter_node,4,12,1,3,0.8270335793495178,0.8472883720169442,0.8268349766731262,,,
59,14,inter_node,8,12,2,3,0.839187502861023,0.6099297263322344,0.8389955163002014,,,
59,14,inter_node,1,5,0,1,0.8081715703010559,0.602916343011212,0.8078255653381348,,,
59,14,inter_node,1,9,0,2,-0.8324692249298096,0.3826760091779463,-0.8320972323417664,,,
59,14,inter_node,1,13,0,3,0.8868702054023743,0.05576060259436638,0.8865997195243835,,,
59,14,inter_node,5,9,1,2,-0.7684082984924316,0.3567661991233886,-0.7679969072341919,,,
59,14,inter_node,5,13,1,3,0.8112506866455078,0.5794671795311611,0.8109119534492493,,,
59,14,inter_node,9,13,2,3,-0.9144468903541565,0.3462208921612504,-0.9142634272575378,,,
59,14,inter_node,2,6,0,1,-0.6084698438644409,0.023109073752632974,-0.6079108119010925,,,
59,14,inter_node,2,10,0,2,0.6275905966758728,0.8226193203132811,0.6270756721496582,,,
59,14,inter_node,2,14,0,3,-0.643951952457428,0.610996492237634,-0.6433150768280029,,,
59,14,inter_node,6,10,1,2,-0.6652324795722961,0.818423249801173,-0.6648203134536743,,,
59,14,inter_node,6,14,1,3,0.7219597697257996,0.601794327994543,0.721550464630127,,,
59,14,inter_node,10,14,2,3,-0.7924157381057739,0.5440126473227667,-0.7921331524848938,,,
59,14,inter_node,3,7,0,1,-0.8978591561317444,0.12548915286870074,-0.8976818323135376,,,
59,14,inter_node,3,11,0,2,-0.8698794841766357,0.0836788924559408,-0.8697560429573059,,,
59,14,inter_node,3,15,0,3,0.7451215982437134,0.384570705007533,0.7448036074638367,,,
59,14,inter_node,7,11,1,2,0.8780524134635925,0.04562839387692439,0.8779304027557373,,,
59,14,inter_node,7,15,1,3,-0.7660780549049377,0.2962588205609,-0.7657919526100159,,,
59,14,inter_node,11,15,2,3,-0.7378719449043274,0.3283694002837586,-0.7376006245613098,,,
59,14,cluster_edge,0,15,0,3,-0.6428346633911133,0.5221097373900669,-0.6423788070678711,,,
59,14,cluster_edge,1,14,0,3,-0.8493566513061523,0.7338721839984743,-0.8490384817123413,,,
59,14,cluster_edge,2,13,0,3,0.6885210275650024,0.2754728981524279,0.6879284381866455,,,
59,14,cluster_edge,3,12,0,3,0.8411251902580261,0.628735788304829,0.840938150882721,,,
59,14,global_diversity,-1,-1,-1,-1,-0.049251094460487366,0.46273139119148254,-0.04922495782375336,120,4,
60,14,intra_node,0,1,0,0,0.8904855251312256,0.7172600305021232,0.8902862668037415,,,
60,14,intra_node,0,2,0,0,-0.5830649733543396,0.546605713146617,-0.5822762846946716,,,
60,14,intra_node,0,3,0,0,-0.7524334192276001,0.11873589358533064,-0.752031683921814,,,
60,14,intra_node,1,2,0,0,-0.6530698537826538,0.37639273873490997,-0.6524953246116638,,,
60,14,intra_node,1,3,0,0,-0.8066714406013489,0.6791654539883909,-0.8063785433769226,,,
60,14,intra_node,2,3,0,0,0.6373710036277771,0.4855182645552533,0.6368334889411926,,,
60,14,intra_node,4,5,1,1,-0.629284143447876,0.377404177147908,-0.6291534304618835,,,
60,14,intra_node,4,6,1,1,0.6860530972480774,0.28734165964517133,0.6855282783508301,,,
60,14,intra_node,4,7,1,1,-0.6885775327682495,0.7912716038244694,-0.6881533265113831,,,
60,14,intra_node,5,6,1,1,-0.7059354186058044,0.5563018941743793,-0.7059473395347595,,,
60,14,intra_node,5,7,1,1,0.6574577689170837,0.8700465724304981,0.6573365926742554,,,
60,14,intra_node,6,7,1,1,-0.8441525101661682,0.7071129539133635,-0.8439374566078186,,,
60,14,intra_node,8,9,2,2,-0.8731665015220642,0.6702076390951682,-0.872956395149231,,,
60,14,intra_node,8,10,2,2,-0.9110966324806213,0.34864623867000843,-0.9109446406364441,,,
60,14,intra_node,8,11,2,2,-0.8453801274299622,0.7158727942599822,-0.8451933264732361,,,
60,14,intra_node,9,10,2,2,0.9049777984619141,0.493681651225238,0.9048109650611877,,,
60,14,intra_node,9,11,2,2,0.84793621301651,0.13846638242173084,0.8477530479431152,,,
60,14,intra_node,10,11,2,2,0.8728283047676086,0.5637897213338234,0.8727045655250549,,,
60,14,intra_node,12,13,3,3,-0.8650690913200378,0.7321493127183089,-0.8648561239242554,,,
60,14,intra_node,12,14,3,3,-0.8710651993751526,0.2837824735964559,-0.8708406090736389,,,
60,14,intra_node,12,15,3,3,0.8106365203857422,0.8064387784727023,0.8103066086769104,,,
60,14,intra_node,13,14,3,3,0.890941321849823,0.6260204792436567,0.8907676935195923,,,
60,14,intra_node,13,15,3,3,-0.8602147698402405,0.9481544937828297,-0.8599902391433716,,,
60,14,intra_node,14,15,3,3,-0.8521003127098083,0.8613680607100704,-0.851833701133728,,,
60,14,inter_node,0,4,0,1,0.6969832181930542,0.9198820321904286,0.6964547038078308,,,
60,14,inter_node,0,8,0,2,0.8708306550979614,0.9238071294800955,0.8706052303314209,,,
60,14,inter_node,0,12,0,3,0.9022724628448486,0.8064349804507798,0.9021028876304626,,,
60,14,inter_node,4,8,1,2,0.7121467590332031,0.0489914734107622,0.7117015719413757,,,
60,14,inter_node,4,12,1,3,0.716837465763092,0.5860927351638615,0.7163941860198975,,,
60,14,inter_node,8,12,2,3,0.885574221611023,0.6063706619236026,0.8853834867477417,,,
60,14,inter_node,1,5,0,1,-0.7359559535980225,0.8235795519741255,-0.735958456993103,,,
60,14,inter_node,1,9,0,2,-0.8554215431213379,0.18287868930168408,-0.8551756143569946,,,
60,14,inter_node,1,13,0,3,-0.8627182245254517,0.6087511300937651,-0.8624996542930603,,,
60,14,inter_node,5,9,1,2,0.7477268576622009,0.7840951573333649,0.7477321624755859,,,
60,14,inter_node,5,13,1,3,0.69691002368927,0.9309756990815249,0.696844756603241,,,
60,14,inter_node,9,13,2,3,0.9026265144348145,0.6803022106129825,0.902474045753479,,,
60,14,inter_node,2,6,0,1,-0.6488564014434814,0.7520452060081276,-0.6482364535331726,,,
60,14,inter_node,2,10,0,2,0.6770535707473755,0.7419990132733933,0.6764734387397766,,,
60,14,inter_node,2,14,0,3,0.6748031377792358,0.40391816399626707,0.6742550134658813,,,
60,14,inter_node,6,10,1,2,-0.9197952747344971,0.03893858260852246,-0.9196293950080872,,,
60,14,inter_node,6,14,1,3,-0.8748939633369446,0.5840255833759048,-0.8746576309204102,,,
60,14,inter_node,10,14,2,3,0.9216831922531128,0.5671718694595638,0.9215357899665833,,,
60,14,inter_node,3,7,0,1,0.8223328590393066,0.5644456986771337,0.8220968842506409,,,
60,14,inter_node,3,11,0,2,0.8616156578063965,0.6957045675231724,0.8614501953125,,,
60,14,inter_node,3,15,0,3,-0.8215221166610718,0.9574852971360293,-0.8212500214576721,,,
60,14,inter_node,7,11,1,2,0.8346467614173889,0.3013605156633264,0.8344523310661316,,,
60,14,inter_node,7,15,1,3,-0.8275450468063354,0.9023894317313709,-0.827302098274231,,,
60,14,inter_node,11,15,2,3,-0.8109689950942993,0.8602847814115375,-0.8107351064682007,,,
60,14,cluster_edge,0,15,0,3,0.7614963054656982,0.9625333183710977,0.7610174417495728,,,
60,14,cluster_edge,1,14,0,3,-0.8979045152664185,0.04413903905723809,-0.8977243304252625,,,
60,14,cluster_edge,2,13,0,3,0.6806540489196777,0.3726037296093664,0.6801605820655823,,,
60,14,cluster_edge,3,12,0,3,-0.8266794085502625,0.7803552667806712,-0.8264195919036865,,,
60,14,global_diversity,-1,-1,-1,-1,-0.03775288164615631,0.6020604968070984,-0.037730369716882706,120,4,
61,14,intra_node,0,1,0,0,0.7641867995262146,0.38972431221473747,0.7637651562690735,,,
61,14,intra_node,0,2,0,0,-0.7707228660583496,0.638917144090332,-0.7703998684883118,,,
61,14,intra_node,0,3,0,0,-0.787468433380127,0.572750427600404,-0.7872083187103271,,,
61,14,intra_node,1,2,0,0,-0.6495540142059326,0.4083282963146286,-0.6490664482116699,,,
61,14,intra_node,1,3,0,0,-0.6959071159362793,0.29990726986008953,-0.6955196261405945,,,
61,14,intra_node,2,3,0,0,0.8118085265159607,0.15486666521000947,0.8115924000740051,,,
61,14,intra_node,4,5,1,1,-0.8205777406692505,0.6083336042798161,-0.8202847838401794,,,
61,14,intra_node,4,6,1,1,0.9000722765922546,0.26974678078256037,0.8999179601669312,,,
61,14,intra_node,4,7,1,1,-0.8279598951339722,0.30254757527848425,-0.8278675675392151,,,
61,14,intra_node,5,6,1,1,-0.8631235361099243,0.7139843536660441,-0.8628095388412476,,,
61,14,intra_node,5,7,1,1,0.723225474357605,0.43843281371260334,0.7231140732765198,,,
61,14,intra_node,6,7,1,1,-0.7944514155387878,0.49068312159610417,-0.7943861484527588,,,
61,14,intra_node,8,9,2,2,0.8391405940055847,0.5603807454747494,0.8389462232589722,,,
61,14,intra_node,8,10,2,2,0.831061601638794,0.15941715264486997,0.8308610320091248,,,
61,14,intra_node,8,11,2,2,-0.7550119161605835,0.04808447193365162,-0.7547069787979126,,,
61,14,intra_node,9,10,2,2,0.9130168557167053,0.6304635952790252,0.9129000306129456,,,
61,14,intra_node,9,11,2,2,-0.7962629199028015,0.5381740904907171,-0.7959396839141846,,,
61,14,intra_node,10,11,2,2,-0.7429395318031311,0.1998361349764267,-0.742583692073822,,,
61,14,intra_node,12,13,3,3,0.8119804859161377,0.6914047401180268,0.8116517066955566,,,
61,14,intra_node,12,14,3,3,-0.8687272071838379,0.67402621951855,-0.8685039281845093,,,
61,14,intra_node,12,15,3,3,-0.8988608717918396,0.031093548268966965,-0.8986974954605103,,,
61,14,intra_node,13,14,3,3,-0.8542190790176392,0.8994060364976176,-0.8538548350334167,,,
61,14,intra_node,13,15,3,3,-0.8589637279510498,0.7010000617267412,-0.8587309718132019,,,
61,14,intra_node,14,15,3,3,0.8918681740760803,0.6635652700020003,0.8916851282119751,,,
61,14,inter_node,0,4,0,1,-0.8600375056266785,0.3311195359823732,-0.8598096370697021,,,
61,14,inter_node,0,8,0,2,-0.8705259561538696,0.3501176357447444,-0.870389997959137,,,
61,14,inter_node,0,12,0,3,-0.834894061088562,0.4545501814811423,-0.8346081376075745,,,
61,14,inter_node,4,8,1,2,0.8558374643325806,0.028402832470631936,0.8556635975837708,,,
61,14,inter_node,4,12,1,3,0.7958309054374695,0.18453318961864068,0.7955150604248047,,,
61,14,inter_node,8,12,2,3,0.8209701180458069,0.16069453716608273,0.8207491636276245,,,
61,14,inter_node,1,5,0,1,0.8294872045516968,0.5707218790573709,0.8291811347007751,,,
61,14,inter_node,1,9,0,2,-0.8653029799461365,0.5318496112145101,-0.8650763630867004,,,
61,14,inter_node,1,13,0,3,-0.815470814704895,0.65472866966362,-0.8151379227638245,,,
61,14,inter_node,5,9,1,2,-0.8931199312210083,0.08303371902286792,-0.8929334878921509,,,
61,14,inter_node,5,13,1,3,-0.8609539866447449,0.851782572097837,-0.8605746626853943,,,
61,14,inter_node,9,13,2,3,0.8486405611038208,0.8383610924665403,0.8483613729476929,,,
61,14,inter_node,2,6,0,1,0.8330550193786621,0.6057861873428654,0.8328371047973633,,,
61,14,inter_node,2,10,0,2,0.7594931721687317,0.5329615452798212,0.7591893672943115,,,
61,14,inter_node,2,14,0,3,-0.7159023284912109,0.5075857618396771,-0.7154847383499146,,,
61,14,inter_node,6,10,1,2,0.8553687334060669,0.15592857788696715,0.8551706671714783,,,
61,14,inter_node,6,14,1,3,-0.820452868938446,0.8058835057681608,-0.8200540542602539,,,
61,14,inter_node,10,14,2,3,-0.8914076685905457,0.7700236151273887,-0.8912835717201233,,,
61,14,inter_node,3,7,0,1,-0.7325531840324402,0.08416225885997652,-0.7323522567749023,,,
61,14,inter_node,3,11,0,2,-0.7123644948005676,0.30936517498899424,-0.7120088338851929,,,
61,14,inter_node,3,15,0,3,-0.763830840587616,0.1915652234238144,-0.7635365724563599,,,
61,14,inter_node,7,11,1,2,0.6819518208503723,0.24589826998032194,0.6817025542259216,,,
61,14,inter_node,7,15,1,3,0.7694838047027588,0.11727291826840858,0.7693368792533875,,,
61,14,inter_node,11,15,2,3,0.8209378719329834,0.14571361225215493,0.8206604719161987,,,
61,14,cluster_edge,0,15,0,3,0.8427962064743042,0.4715101517415577,0.8425197005271912,,,
61,14,cluster_edge,1,14,0,3,0.8628310561180115,0.7086524287887475,0.8625881671905518,,,
61,14,cluster_edge,2,13,0,3,0.7138647437095642,0.7957127237461593,0.7134491801261902,,,
61,14,cluster_edge,3,12,0,3,0.7380136251449585,0.21670232917159757,0.7376852035522461,,,
61,14,global_diversity,-1,-1,-1,-1,-0.039071131497621536,0.4213028848171234,-0.039054807275533676,120,4,
62,14,intra_node,0,1,0,0,-0.8406981229782104,0.5729221919508862,-0.8402985334396362,,,
62,14,intra_node,0,2,0,0,0.7916615009307861,0.34255662718194796,0.7913249135017395,,,
62,14,intra_node,0,3,0,0,-0.7893444895744324,0.4838577882354122,-0.788913369178772,,,
62,14,intra_node,1,2,0,0,-0.8342022895812988,0.3503960558329213,-0.8339859247207642,,,
62,14,intra_node,1,3,0,0,0.856087327003479,0.17255787588265753,0.8558019995689392,,,
62,14,intra_node,2,3,0,0,-0.7962681651115417,0.21492521925925537,-0.7959466576576233,,,
62,14,intra_node,4,5,1,1,-0.5131980180740356,0.5415579729020568,-0.5132356286048889,,,
62,14,intra_node,4,6,1,1,-0.5926631689071655,0.4353519458638924,-0.5929076671600342,,,
62,14,intra_node,4,7,1,1,-0.5722842812538147,0.616238832015751,-0.5722621083259583,,,
62,14,intra_node,5,6,1,1,0.8719362020492554,0.7411416014649337,0.8716040849685669,,,
62,14,intra_node,5,7,1,1,0.8702229857444763,0.8240677522278266,0.8700326681137085,,,
62,14,intra_node,6,7,1,1,0.9005594253540039,0.320353333066222,0.9004786014556885,,,
62,14,intra_node,8,9,2,2,0.8634120225906372,0.2657656199232519,0.8632237315177917,,,
62,14,intra_node,8,10,2,2,-0.9392352104187012,0.5241501581637669,-0.9391500949859619,,,
62,14,intra_node,8,11,2,2,0.8821540474891663,0.09776239212045784,0.8819509148597717,,,
62,14,intra_node,9,10,2,2,-0.8671695590019226,0.6506146863697547,-0.8670229911804199,,,
62,14,intra_node,9,11,2,2,0.9020121693611145,0.1862072987598453,0.9019394516944885,,,
62,14,intra_node,10,11,2,2,-0.8729469776153564,0.5706703769918186,-0.8726206421852112,,,
62,14,intra_node,12,13,3,3,0.84552001953125,0.56825706155913,0.8455137610435486,,,
62,14,intra_node,12,14,3,3,0.9513946175575256,0.20293373334279285,0.9512847065925598,,,
62,14,intra_node,12,15,3,3,0.8779910802841187,0.5295486839811151,0.8778420686721802,,,
62,14,intra_node,13,14,3,3,0.8597562313079834,0.45833495093006,0.8597276210784912,,,
62,14,intra_node,13,15,3,3,0.825161337852478,0.08227924178335395,0.8250141143798828,,,
62,14,intra_node,14,15,3,3,0.8687846660614014,0.40977138827879783,0.8686004281044006,,,
62,14,inter_node,0,4,0,1,-0.6134194135665894,0.7391627567629854,-0.6135645508766174,,,
62,14,inter_node,0,8,0,2,-0.839057207107544,0.36034979975392273,-0.8387601971626282,,,
62,14,inter_node,0,12,0,3,0.8149405717849731,0.5146935007087707,0.8144968152046204,,,
62,14,inter_node,4,8,1,2,0.617391049861908,0.8331554051318087,0.6174400448799133,,,
62,14,inter_node,4,12,1,3,-0.5772538781166077,0.46253090857436063,-0.5773916840553284,,,
62,14,inter_node,8,12,2,3,-0.9078890681266785,0.6895736005476424,-0.9077373743057251,,,
62,14,inter_node,1,5,0,1,-0.8878995776176453,0.948930567625138,-0.8876104950904846,,,
62,14,inter_node,1,9,0,2,0.8650039434432983,0.09065276905029925,0.8649057149887085,,,
62,14,inter_node,1,13,0,3,-0.8429318070411682,0.5199374037297125,-0.8430084586143494,,,
62,14,inter_node,5,9,1,2,-0.8378790616989136,0.9438394590793153,-0.8376699090003967,,,
62,14,inter_node,5,13,1,3,0.8396766185760498,0.8936192222188696,0.8396456241607666,,,
62,14,inter_node,9,13,2,3,-0.8470247983932495,0.47207999328384004,-0.8468977808952332,,,
62,14,inter_node,2,6,0,1,0.8393228054046631,0.6962962757169634,0.8391131162643433,,,
62,14,inter_node,2,10,0,2,0.8488150238990784,0.5109134260391123,0.8485948443412781,,,
62,14,inter_node,2,14,0,3,0.8288984298706055,0.59970512479138,0.8286299705505371,,,
62,14,inter_node,6,10,1,2,0.9063999056816101,0.37903892592372856,0.906150758266449,,,
62,14,inter_node,6,14,1,3,0.9186879992485046,0.2412999938488929,0.918506920337677,,,
62,14,inter_node,10,14,2,3,0.9411295056343079,0.18154597463836425,0.9409958720207214,,,
62,14,inter_node,3,7,0,1,-0.802783727645874,0.649185162891582,-0.8024683594703674,,,
62,14,inter_node,3,11,0,2,0.8171625137329102,0.10565329239285028,0.8167802691459656,,,
62,14,inter_node,3,15,0,3,-0.7489620447158813,0.4675598485989795,-0.7485747933387756,,,
62,14,inter_node,7,11,1,2,-0.8693400025367737,0.6077417917185236,-0.8691586256027222,,,
62,14,inter_node,7,15,1,3,0.8839499354362488,0.34111874135466347,0.883787214756012,,,
62,14,inter_node,11,15,2,3,-0.8442944288253784,0.4046602432007835,-0.844084620475769,,,
62,14,cluster_edge,0,15,0,3,0.736864447593689,0.03060989971088324,0.7364426255226135,,,
62,14,cluster_edge,1,14,0,3,-0.9169018864631653,0.7399668702346119,-0.9167183637619019,,,
62,14,cluster_edge,2,13,0,3,0.8241631388664246,0.2609918696139951,0.8240169882774353,,,
62,14,cluster_edge,3,12,0,3,-0.7952608466148376,0.7495128300720956,-0.7948318123817444,,,
62,14,global_diversity,-1,-1,-1,-1,0.013786820694804192,0.5202390551567078,0.01378654595464468,120,4,
63,14,intra_node,0,1,0,0,0.8237740397453308,0.5734952009403417,0.8235895037651062,,,
63,14,intra_node,0,2,0,0,0.7808022499084473,0.7944982084301505,0.7805638909339905,,,
63,14,intra_node,0,3,0,0,0.7327569127082825,0.6975106256356634,0.732447624206543,,,
63,14,intra_node,1,2,0,0,0.8199242949485779,0.51817238159352,0.8197119235992432,,,
63,14,intra_node,1,3,0,0,0.7881739139556885,0.29077146369453816,0.7879101037979126,,,
63,14,intra_node,2,3,0,0,0.8522517681121826,0.32063137093096483,0.8520079255104065,,,
63,14,intra_node,4,5,1,1,-0.7472386360168457,0.5786902841844842,-0.7466821074485779,,,
63,14,intra_node,4,6,1,1,0.8748274445533752,0.485475137105055,0.8747838735580444,,,
63,14,intra_node,4,7,1,1,0.8657846450805664,0.3279245848731078,0.8657646775245667,,,
63,14,intra_node,5,6,1,1,-0.7294608950614929,0.18116742999543192,-0.7291555404663086,,,
63,14,intra_node,5,7,1,1,-0.7430456876754761,0.37312136951777974,-0.7427992224693298,,,
63,14,intra_node,6,7,1,1,0.8851887583732605,0.23442391833690368,0.8850859999656677,,,
63,14,intra_node,8,9,2,2,-0.5363326668739319,0.07514446497495614,-0.5358409881591797,,,
63,14,intra_node,8,10,2,2,-0.9230694770812988,0.6327811676850991,-0.9229591488838196,,,
63,14,intra_node,8,11,2,2,-0.8287690281867981,0.3944910752806226,-0.8286028504371643,,,
63,14,intra_node,9,10,2,2,0.5527779459953308,0.6029446563187221,0.5522719025611877,,,
63,14,intra_node,9,11,2,2,0.5738071799278259,0.43999171946622123,0.5734344124794006,,,
63,14,intra_node,10,11,2,2,0.8724682927131653,0.777645719708299,0.8723713159561157,,,
63,14,intra_node,12,13,3,3,-0.908484935760498,0.033469401815394685,-0.9083748459815979,,,
63,14,intra_node,12,14,3,3,-0.9176905155181885,0.21615823182175356,-0.9175369143486023,,,
63,14,intra_node,12,15,3,3,0.8291164636611938,0.9138649981026078,0.8287755250930786,,,
63,14,intra_node,13,14,3,3,0.8481486439704895,0.24239294692060073,0.8479400277137756,,,
63,14,intra_node,13,15,3,3,-0.8189229965209961,0.9167478850914813,-0.818671703338623,,,
63,14,intra_node,14,15,3,3,-0.7817670106887817,0.8901117478115749,-0.7813475131988525,,,
63,14,inter_node,0,4,0,1,0.7517857551574707,0.7481078714506751,0.7515169978141785,,,
63,14,inter_node,0,8,0,2,-0.7237142324447632,0.04327670103999175,-0.7234011292457581,,,
63,14,inter_node,0,12,0,3,0.802951455116272,0.5562206797560159,0.8027389645576477,,,
63,14,inter_node,4,8,1,2,-0.8933357000350952,0.7590089317922315,-0.8932065963745117,,,
63,14,inter_node,4,12,1,3,0.910537600517273,0.4323932705768314,0.9103567004203796,,,
63,14,inter_node,8,12,2,3,-0.8944989442825317,0.5754259847259454,-0.8943473100662231,,,
63,14,inter_node,1,5,0,1,-0.8159303069114685,0.2866366379900918,-0.8157086968421936,,,
63,14,inter_node,1,9,0,2,0.6590381860733032,0.5587991173480057,0.6587076187133789,,,
63,14,inter_node,1,13,0,3,-0.7930390238761902,0.005645475326848053,-0.7927955985069275,,,
63,14,inter_node,5,9,1,2,-0.6946702003479004,0.38152012543943037,-0.6943494081497192,,,
63,14,inter_node,5,13,1,3,0.7608341574668884,0.2825864977640712,0.7604862451553345,,,
63,14,inter_node,9,13,2,3,-0.5821400880813599,0.5562941871290639,-0.5817139148712158,,,
63,14,inter_node,2,6,0,1,0.8925419449806213,0.5802338813003539,0.8924879431724548,,,
63,14,inter_node,2,10,0,2,0.8796987533569336,0.4646016634454603,0.8794792294502258,,,
63,14,inter_node,2,14,0,3,-0.8724138736724854,0.6370247996699169,-0.8721690773963928,,,
63,14,inter_node,6,10,1,2,0.9055889844894409,0.2159741821370312,0.9055171012878418,,,
63,14,inter_node,6,14,1,3,-0.871167004108429,0.13529181093864864,-0.8710552453994751,,,
63,14,inter_node,10,14,2,3,-0.878780722618103,0.32204645485836736,-0.8785674571990967,,,
63,14,inter_node,3,7,0,1,0.8838403224945068,0.19292566616436913,0.8837491273880005,,,
63,14,inter_node,3,11,0,2,0.8191853761672974,0.8247665454363197,0.8190110325813293,,,
63,14,inter_node,3,15,0,3,0.8373634815216064,0.9412885602229314,0.8370931148529053,,,
63,14,inter_node,7,11,1,2,0.8332557082176208,0.7828781721618117,0.8331106901168823,,,
63,14,inter_node,7,15,1,3,0.8109950423240662,0.9272539872528943,0.810850203037262,,,
63,14,inter_node,11,15,2,3,0.8581296801567078,0.6649530198257165,0.8580453991889954,,,
63,14,cluster_edge,0,15,0,3,0.737477719783783,0.8059057780113856,0.7371715903282166,,,
63,14,cluster_edge,1,14,0,3,-0.8007303476333618,0.24666999884620655,-0.8004801869392395,,,
63,14,cluster_edge,2,13,0,3,-0.8726958632469177,0.5208925275250277,-0.8725354075431824,,,
63,14,cluster_edge,3,12,0,3,0.8825004696846008,0.3183788415421615,0.8823098540306091,,,
63,14,global_diversity,-1,-1,-1,-1,0.1562722623348236,0.490190327167511,0.15623736381530762,120,4,
64,14,intra_node,0,1,0,0,0.8172502517700195,0.42781864909839123,0.8169227838516235,,,
64,14,intra_node,0,2,0,0,-0.8024757504463196,0.3429502175367578,-0.8021904826164246,,,
64,14,intra_node,0,3,0,0,-0.7048157453536987,0.7931246115956618,-0.7046016454696655,,,
64,14,intra_node,1,2,0,0,-0.7766143083572388,0.12916590770864655,-0.7762749791145325,,,
64,14,intra_node,1,3,0,0,-0.7336435317993164,0.8816297607945107,-0.733540952205658,,,
64,14,intra_node,2,3,0,0,0.8080121874809265,0.8640725710519308,0.8078917264938354,,,
64,14,intra_node,4,5,1,1,0.7414196729660034,0.18537441396743295,0.7409496307373047,,,
64,14,intra_node,4,6,1,1,0.7659119963645935,0.3307260970573902,0.7654263377189636,,,
64,14,intra_node,4,7,1,1,0.7558777928352356,0.36595248137747766,0.7554267644882202,,,
64,14,intra_node,5,6,1,1,0.8923526406288147,0.4547923545990731,0.8921589255332947,,,
64,14,intra_node,5,7,1,1,0.8828912377357483,0.22167001688408247,0.8826896548271179,,,
64,14,intra_node,6,7,1,1,0.8854150772094727,0.5756485425604274,0.8852019906044006,,,
64,14,intra_node,8,9,2,2,0.8633347749710083,0.36300401801557436,0.8630849719047546,,,
64,14,intra_node,8,10,2,2,0.7767236232757568,0.7759954790156497,0.7762912511825562,,,
64,14,intra_node,8,11,2,2,-0.8243051767349243,0.5300644612883814,-0.8240075707435608,,,
64,14,intra_node,9,10,2,2,0.7832839488983154,0.6483423328880163,0.7827577590942383,,,
64,14,intra_node,9,11,2,2,-0.8279417157173157,0.7006529500490124,-0.8276239037513733,,,
64,14,intra_node,10,11,2,2,-0.8055019378662109,0.8947323147573812,-0.8051371574401855,,,
64,14,intra_node,12,13,3,3,0.8482929468154907,0.7263413928983152,0.8480754494667053,,,
64,14,intra_node,12,14,3,3,-0.6856955289840698,0.36004984186600647,-0.6851598620414734,,,
64,14,intra_node,12,15,3,3,-0.832345724105835,0.430856350204592,-0.8320814967155457,,,
64,14,intra_node,13,14,3,3,-0.706676721572876,0.8248721311105485,-0.7062229514122009,,,
64,14,intra_node,13,15,3,3,-0.8343423008918762,0.8442489415562195,-0.8341033458709717,,,
64,14,intra_node,14,15,3,3,0.7866581678390503,0.11064378598647047,0.7862931489944458,,,
64,14,inter_node,0,4,0,1,0.7392330765724182,0.2700114409526607,0.7387740612030029,,,
64,14,inter_node,0,8,0,2,0.8851870894432068,0.3073927872280555,0.8849976658821106,,,
64,14,inter_node,0,12,0,3,-0.8261117935180664,0.5619563607220819,-0.8258358240127563,,,
64,14,inter_node,4,8,1,2,0.7764495611190796,0.4944046587628143,0.7760445475578308,,,
64,14,inter_node,4,12,1,3,-0.6803464889526367,0.6802331549636601,-0.6797930002212524,,,
64,14,inter_node,8,12,2,3,-0.8255566358566284,0.36754392504117167,-0.8252736330032349,,,
64,14,inter_node,1,5,0,1,0.8176791667938232,0.4872664853400183,0.8173350691795349,,,
64,14,inter_node,1,9,0,2,0.8336918354034424,0.22893675067535244,0.8333082795143127,,,
64,14,inter_node,1,13,0,3,-0.7899715304374695,0.6425416614759918,-0.7896538972854614,,,
64,14,inter_node,5,9,1,2,0.870549201965332,0.6046500301486277,0.8703129887580872,,,
64,14,inter_node,5,13,1,3,-0.799693763256073,0.302837968840293,-0.7993979454040527,,,
64,14,inter_node,9,13,2,3,-0.8287049531936646,0.7243770119994883,-0.8284510970115662,,,
64,14,inter_node,2,6,0,1,-0.7766725420951843,0.6789902523104447,-0.7763305902481079,,,
64,14,inter_node,2,10,0,2,-0.759160578250885,0.763873071617728,-0.7588005661964417,,,
64,14,inter_node,2,14,0,3,-0.72734135389328,0.5733563822598539,-0.726924479007721,,,
64,14,inter_node,6,10,1,2,0.740951657295227,0.9242009542972972,0.7403138279914856,,,
64,14,inter_node,6,14,1,3,0.7625889778137207,0.8630432399158766,0.7621079087257385,,,
64,14,inter_node,10,14,2,3,0.8187772035598755,0.446547613596112,0.8183950185775757,,,
64,14,inter_node,3,7,0,1,-0.7433598041534424,0.8203138596404564,-0.7431979775428772,,,
64,14,inter_node,3,11,0,2,0.8318644762039185,0.6950999140293375,0.8318007588386536,,,
64,14,inter_node,3,15,0,3,-0.7660489678382874,0.9484239474714053,-0.7659016847610474,,,
64,14,inter_node,7,11,1,2,-0.8176053762435913,0.4106720574134802,-0.8172920942306519,,,
64,14,inter_node,7,15,1,3,0.8836066722869873,0.712965883593507,0.883414626121521,,,
64,14,inter_node,11,15,2,3,-0.8572039604187012,0.8308427747260219,-0.8569704294204712,,,
64,14,cluster_edge,0,15,0,3,0.8450459241867065,0.7506902443717026,0.8447977304458618,,,
64,14,cluster_edge,1,14,0,3,0.8606603741645813,0.5100747415416934,0.8603742718696594,,,
64,14,cluster_edge,2,13,0,3,0.8565018177032471,0.5895218828841924,0.8563088178634644,,,
64,14,cluster_edge,3,12,0,3,0.8295946717262268,0.9093795519863309,0.8295144438743591,,,
64,14,global_diversity,-1,-1,-1,-1,0.09066835790872574,0.5563957691192627,0.09063643962144852,120,4,
65,14,intra_node,0,1,0,0,0.7087098360061646,0.328201504292318,0.7083193063735962,,,
65,14,intra_node,0,2,0,0,-0.8752869367599487,0.21963684256522578,-0.8750433921813965,,,
65,14,intra_node,0,3,0,0,-0.8229749798774719,0.5024435564750955,-0.8227095007896423,,,
65,14,intra_node,1,2,0,0,-0.7527579665184021,0.4757532047296216,-0.7524343729019165,,,
65,14,intra_node,1,3,0,0,-0.7864176034927368,0.6657423297103049,-0.7861584424972534,,,
65,14,intra_node,2,3,0,0,0.8675158619880676,0.36240397975670424,0.8673246502876282,,,
65,14,intra_node,4,5,1,1,0.8403149247169495,0.6786921215294154,0.8400470614433289,,,
65,14,intra_node,4,6,1,1,-0.8087015151977539,0.6658124591536703,-0.8085245490074158,,,
65,14,intra_node,4,7,1,1,-0.67634117603302,0.12559672114070167,-0.6760168075561523,,,
65,14,intra_node,5,6,1,1,-0.7647708058357239,0.038540223082905126,-0.7645623087882996,,,
65,14,intra_node,5,7,1,1,-0.5648812055587769,0.6325404007064721,-0.5643963813781738,,,
65,14,intra_node,6,7,1,1,0.6632769107818604,0.6178107414209453,0.6629972457885742,,,
65,14,intra_node,8,9,2,2,-0.8586668968200684,0.8422740598877487,-0.8585267663002014,,,
65,14,intra_node,8,10,2,2,0.9110502004623413,0.541017187423797,0.9108999967575073,,,
65,14,intra_node,8,11,2,2,-0.8434017896652222,0.8167682970355069,-0.8431816101074219,,,
65,14,intra_node,9,10,2,2,-0.8514781594276428,0.6563576330299629,-0.8513084650039673,,,
65,14,intra_node,9,11,2,2,0.8685295581817627,0.13919950772484124,0.8683805465698242,,,
65,14,intra_node,10,11,2,2,-0.832229495048523,0.6007874413945035,-0.8319934606552124,,,
65,14,intra_node,12,13,3,3,-0.7935432195663452,0.548759353655599,-0.7931622862815857,,,
65,14,intra_node,12,14,3,3,0.8059191107749939,0.7355149893897909,0.8055940866470337,,,
65,14,intra_node,12,15,3,3,-0.8593437075614929,0.7937479500085329,-0.8592492938041687,,,
65,14,intra_node,13,14,3,3,-0.7769700884819031,0.4138714835357587,-0.7766152620315552,,,
65,14,intra_node,13,15,3,3,0.7797994613647461,0.5429222707166121,0.7795699238777161,,,
65,14,intra_node,14,15,3,3,-0.7485284209251404,0.22017489945607632,-0.7482588887214661,,,
65,14,inter_node,0,4,0,1,-0.8150548338890076,0.12564514888681022,-0.8147463202476501,,,
65,14,inter_node,0,8,0,2,-0.8819706439971924,0.3446342873300035,-0.8817387223243713,,,
65,14,inter_node,0,12,0,3,-0.8338719606399536,0.6603952488152595,-0.833541750907898,,,
65,14,inter_node,4,8,1,2,0.8620262145996094,0.4269778098737357,0.8617976903915405,,,
65,14,inter_node,4,12,1,3,0.8673452138900757,0.61159390749377,0.86712646484375,,,
65,14,inter_node,8,12,2,3,0.8945418000221252,0.7774346902136956,0.8943256139755249,,,
65,14,inter_node,1,5,0,1,-0.6806040406227112,0.5818134395408256,-0.6801655888557434,,,
65,14,inter_node,1,9,0,2,0.7204899787902832,0.641754799016024,0.7201854586601257,,,
65,14,inter_node,1,13,0,3,0.8330503106117249,0.10736588237122455,0.8328443169593811,,,
65,14,inter_node,5,9,1,2,-0.7817526459693909,0.14333640806003392,-0.7814944982528687,,,
65,14,inter_node,5,13,1,3,-0.7722148895263672,0.6267124086003124,-0.7717945575714111,,,
65,14,inter_node,9,13,2,3,0.8088948130607605,0.6802181111249253,0.8086687922477722,,,
65,14,inter_node,2,6,0,1,-0.8400516510009766,0.7719790578771466,-0.8399461507797241,,,
65,14,inter_node,2,10,0,2,0.9172722101211548,0.4534757160684512,0.9171326756477356,,,
65,14,inter_node,2,14,0,3,0.8058978319168091,0.001999982009840162,0.8055753707885742,,,
65,14,inter_node,6,10,1,2,-0.8302539587020874,0.5827798529234015,-0.8301066756248474,,,
65,14,inter_node,6,14,1,3,-0.7274416089057922,0.772435095659259,-0.7271682024002075,,,
65,14,inter_node,10,14,2,3,0.7824726104736328,0.4545687548042551,0.782133936882019,,,
65,14,inter_node,3,7,0,1,-0.6629641056060791,0.6195988192598937,-0.6626321077346802,,,
65,14,inter_node,3,11,0,2,-0.8058488965034485,0.8608897098131654,-0.8055912852287292,,,
65,14,inter_node,3,15,0,3,-0.7744492888450623,0.1807473806411609,-0.7742136716842651,,,
65,14,inter_node,7,11,1,2,0.6452229022979736,0.6343063659366608,0.6448752880096436,,,
65,14,inter_node,7,15,1,3,0.5895408391952515,0.535672914860114,0.5891860127449036,,,
65,14,inter_node,11,15,2,3,0.864069402217865,0.8301985408411575,0.8639348149299622,,,
65,14,cluster_edge,0,15,0,3,0.8346118330955505,0.3926703049002144,0.8344674110412598,,,
65,14,cluster_edge,1,14,0,3,-0.7551686763763428,0.47680168888887875,-0.7548604011535645,,,
65,14,cluster_edge,2,13,0,3,-0.8555344939231873,0.41269688787718994,-0.8552733659744263,,,
65,14,cluster_edge,3,12,0,3,0.8293942809104919,0.8310274677963604,0.8291398286819458,,,
65,14,global_diversity,-1,-1,-1,-1,-0.039739783853292465,0.49231961369514465,-0.039709195494651794,120,4,
66,14,intra_node,0,1,0,0,-0.785597562789917,0.3694035947509132,-0.7853431701660156,,,
66,14,intra_node,0,2,0,0,-0.7840996384620667,0.08049531260355496,-0.7838349342346191,,,
66,14,intra_node,0,3,0,0,0.8630226254463196,0.2236104651652195,0.862866222858429,,,
66,14,intra_node,1,2,0,0,0.7844982147216797,0.31419990143323245,0.7842453718185425,,,
66,14,intra_node,1,3,0,0,-0.8257465362548828,0.5104115502601768,-0.8255524635314941,,,
66,14,intra_node,2,3,0,0,-0.8121789693832397,0.2861061834738738,-0.8119386434555054,,,
66,14,intra_node,4,5,1,1,-0.6228349208831787,0.34410060130061937,-0.6221285462379456,,,
66,14,intra_node,4,6,1,1,0.8730751872062683,0.14501841558989584,0.8728182911872864,,,
66,14,intra_node,4,7,1,1,0.6943895220756531,0.7771421213620365,0.6942432522773743,,,
66,14,intra_node,5,6,1,1,-0.6925023198127747,0.2328496769296857,-0.6919384598731995,,,
66,14,intra_node,5,7,1,1,-0.5263047218322754,0.8538276514059402,-0.52593994140625,,,
66,14,intra_node,6,7,1,1,0.6434046626091003,0.8094606178238393,0.643185555934906,,,
66,14,intra_node,8,9,2,2,0.5219224095344543,0.8798208363447879,0.5217657685279846,,,
66,14,intra_node,8,10,2,2,0.6340352296829224,0.6374475151201299,0.6337884664535522,,,
66,14,intra_node,8,11,2,2,0.7189974188804626,0.5960627391138202,0.7186703085899353,,,
66,14,intra_node,9,10,2,2,0.5085406303405762,0.6685192664035035,0.5083853006362915,,,
66,14,intra_node,9,11,2,2,0.4610515534877777,0.9514551578175217,0.4608631432056427,,,
66,14,intra_node,10,11,2,2,0.5887081027030945,0.8535515423301472,0.5884099006652832,,,
66,14,intra_node,12,13,3,3,-0.7579513192176819,0.6634062013441556,-0.7578000426292419,,,
66,14,intra_node,12,14,3,3,-0.729340136051178,0.30444773391500407,-0.729112446308136,,,
66,14,intra_node,12,15,3,3,-0.6761485934257507,0.15689322266319872,-0.6758920550346375,,,
66,14,intra_node,13,14,3,3,0.9269316792488098,0.5160769146071434,0.9267978668212891,,,
66,14,intra_node,13,15,3,3,0.8613634705543518,0.6007696679665249,0.8613181114196777,,,
66,14,intra_node,14,15,3,3,0.8713282942771912,0.17501283967601272,0.8712418079376221,,,
66,14,inter_node,0,4,0,1,0.7349695563316345,0.6639961772863678,0.7345837354660034,,,
66,14,inter_node,0,8,0,2,-0.6924165487289429,0.16997936071348904,-0.6920751929283142,,,
66,14,inter_node,0,12,0,3,-0.7350317239761353,0.5826461901234464,-0.7348019480705261,,,
66,14,inter_node,4,8,1,2,-0.7001329064369202,0.5951861835598903,-0.699762761592865,,,
66,14,inter_node,4,12,1,3,-0.6979089975357056,0.19491852054012268,-0.6976532936096191,,,
66,14,inter_node,8,12,2,3,0.7834133505821228,0.4971765879998929,0.7832344174385071,,,
66,14,inter_node,1,5,0,1,0.8214632272720337,0.8610261970794577,0.8212375044822693,,,
66,14,inter_node,1,9,0,2,0.5114374160766602,0.9370972605339293,0.5112776160240173,,,
66,14,inter_node,1,13,0,3,-0.816106915473938,0.21810261128946135,-0.8158913254737854,,,
66,14,inter_node,5,9,1,2,0.49709513783454895,0.5473770009586981,0.49695301055908203,,,
66,14,inter_node,5,13,1,3,-0.731553852558136,0.822260817177392,-0.731035590171814,,,
66,14,inter_node,9,13,2,3,-0.4763820171356201,0.9195511580236809,-0.4762604832649231,,,
66,14,inter_node,2,6,0,1,-0.8017680644989014,0.7358473777041602,-0.8014980554580688,,,
66,14,inter_node,2,10,0,2,0.5390027761459351,0.723297090810052,0.5386664271354675,,,
66,14,inter_node,2,14,0,3,-0.8114417791366577,0.4482675088612812,-0.8111863136291504,,,
66,14,inter_node,6,10,1,2,-0.5677354335784912,0.04535654117569413,-0.5674179196357727,,,
66,14,inter_node,6,14,1,3,0.9202608466148376,0.521230620747645,0.920112669467926,,,
66,14,inter_node,10,14,2,3,-0.5465192198753357,0.49848357014671757,-0.5461735129356384,,,
66,14,inter_node,3,7,0,1,0.6301097273826599,0.4850519159793636,0.6299006938934326,,,
66,14,inter_node,3,11,0,2,-0.8302736282348633,0.6221628147085124,-0.8300080895423889,,,
66,14,inter_node,3,15,0,3,0.8604868650436401,0.3624090717889651,0.8604491949081421,,,
66,14,inter_node,7,11,1,2,-0.6117978096008301,0.26626159604014393,-0.6115252375602722,,,
66,14,inter_node,7,15,1,3,0.5716729164123535,0.6716737731287884,0.5713940858840942,,,
66,14,inter_node,11,15,2,3,-0.7689094543457031,0.7590944383173556,-0.7686805129051208,,,
66,14,cluster_edge,0,15,0,3,0.8333425521850586,0.5049810758313587,0.833184540271759,,,
66,14,cluster_edge,1,14,0,3,-0.7953800559043884,0.6216218031945785,-0.7951166033744812,,,
66,14,cluster_edge,2,13,0,3,-0.8183918595314026,0.12290268714447222,-0.8181588649749756,,,
66,14,cluster_edge,3,12,0,3,-0.7603196501731873,0.46244276725681455,-0.7601791024208069,,,
66,14,global_diversity,-1,-1,-1,-1,-0.015336203388869762,0.5443705916404724,-0.015280884690582752,120,4,
67,14,intra_node,0,1,0,0,0.8379223942756653,0.7177995840594887,0.8375613689422607,,,
67,14,intra_node,0,2,0,0,0.8512072563171387,0.28115588508535055,0.8509171605110168,,,
67,14,intra_node,0,3,0,0,0.8265897631645203,0.583868167940661,0.8264994621276855,,,
67,14,intra_node,1,2,0,0,0.9425256848335266,0.607424739125787,0.9424157738685608,,,
67,14,intra_node,1,3,0,0,0.9479309320449829,0.3218485244352314,0.9479334950447083,,,
67,14,intra_node,2,3,0,0,0.9505863189697266,0.42110977411459005,0.9505727887153625,,,
67,14,intra_node,4,5,1,1,-0.6151244640350342,0.6220094286977763,-0.6147148013114929,,,
67,14,intra_node,4,6,1,1,-0.7189200520515442,0.3963933695805232,-0.7185988426208496,,,
67,14,intra_node,4,7,1,1,0.6917982697486877,0.9419720668080175,0.691422164440155,,,
67,14,intra_node,5,6,1,1,0.669701099395752,0.3737799549359838,0.6693016886711121,,,
67,14,intra_node,5,7,1,1,-0.5623612403869629,0.9780659883812752,-0.5617024898529053,,,
67,14,intra_node,6,7,1,1,-0.6885930299758911,0.964973954775781,-0.6880826354026794,,,
67,14,intra_node,8,9,2,2,0.815017819404602,0.7136919010603608,0.814790666103363,,,
67,14,intra_node,8,10,2,2,-0.6807360649108887,0.6215002350804046,-0.6803084015846252,,,
67,14,intra_node,8,11,2,2,-0.762580156326294,0.7345284381096754,-0.7623181343078613,,,
67,14,intra_node,9,10,2,2,-0.6272300481796265,0.24357126351066688,-0.6266688704490662,,,
67,14,intra_node,9,11,2,2,-0.7081210017204285,0.07277662464486331,-0.7076491713523865,,,
67,14,intra_node,10,11,2,2,0.7211819887161255,0.2986215937367393,0.7206137180328369,,,
67,14,intra_node,12,13,3,3,-0.7971172332763672,0.892156439378854,-0.7968433499336243,,,
67,14,intra_node,12,14,3,3,0.7708176374435425,0.6831850868574534,0.7706183195114136,,,
67,14,intra_node,12,15,3,3,-0.8174035549163818,0.5991624981668184,-0.817090630531311,,,
67,14,intra_node,13,14,3,3,-0.6968873739242554,0.9658335517088287,-0.6965757608413696,,,
67,14,intra_node,13,15,3,3,0.8657790422439575,0.7309544138761056,0.8656007647514343,,,
67,14,intra_node,14,15,3,3,-0.7251592874526978,0.8730087016724453,-0.7248655557632446,,,
67,14,inter_node,0,4,0,1,0.7463243007659912,0.6465710024078669,0.7460784316062927,,,
67,14,inter_node,0,8,0,2,-0.7940595149993896,0.026247175653555662,-0.7938558459281921,,,
67,14,inter_node,0,12,0,3,0.8537933230400085,0.20266988222628016,0.853413462638855,,,
67,14,inter_node,4,8,1,2,-0.743931233882904,0.6370444441798208,-0.7436553239822388,,,
67,14,inter_node,4,12,1,3,0.792594313621521,0.556734419390846,0.792384684085846,,,
67,14,inter_node,8,12,2,3,-0.8438272476196289,0.18117812052677176,-0.8436656594276428,,,
67,14,inter_node,1,5,0,1,-0.6064232587814331,0.962300048170064,-0.6058731079101562,,,
67,14,inter_node,1,9,0,2,-0.7604188323020935,0.04021767783890932,-0.7600465416908264,,,
67,14,inter_node,1,13,0,3,-0.7403593063354492,0.5207099649237338,-0.7399832010269165,,,
67,14,inter_node,5,9,1,2,0.4994009733200073,0.9607203102625926,0.4987889528274536,,,
67,14,inter_node,5,13,1,3,0.5460765361785889,0.9819307887650565,0.5455448031425476,,,
67,14,inter_node,9,13,2,3,0.8275803923606873,0.5399858971458306,0.827357828617096,,,
67,14,inter_node,2,6,0,1,-0.7751139402389526,0.8466474852198476,-0.7747756838798523,,,
67,14,inter_node,2,10,0,2,0.7369066476821899,0.459267887049072,0.73643958568573,,,
67,14,inter_node,2,14,0,3,0.757203996181488,0.818415611745043,0.7569531202316284,,,
67,14,inter_node,6,10,1,2,-0.7564131617546082,0.9170773706565898,-0.7560530304908752,,,
67,14,inter_node,6,14,1,3,-0.8426313996315002,0.15547522419804669,-0.8424761891365051,,,
67,14,inter_node,10,14,2,3,0.7833568453788757,0.9018114900599954,0.7831372618675232,,,
67,14,inter_node,3,7,0,1,0.8384159207344055,0.6054482400563266,0.8383020162582397,,,
67,14,inter_node,3,11,0,2,0.8424422144889832,0.34485363435388083,0.84239661693573,,,
67,14,inter_node,3,15,0,3,-0.7843145132064819,0.17224700496374465,-0.7840608954429626,,,
67,14,inter_node,7,11,1,2,0.8931883573532104,0.397765475574976,0.8928899765014648,,,
67,14,inter_node,7,15,1,3,-0.7560301423072815,0.6734085990097987,-0.755592942237854,,,
67,14,inter_node,11,15,2,3,-0.7486653923988342,0.4577006336493072,-0.7482174038887024,,,
67,14,cluster_edge,0,15,0,3,-0.7671986818313599,0.49727535320954946,-0.7667914628982544,,,
67,14,cluster_edge,1,14,0,3,0.746154248714447,0.9287144614101258,0.7458941340446472,,,
67,14,cluster_edge,2,13,0,3,-0.7780066728591919,0.8118425894455241,-0.7776942253112793,,,
67,14,cluster_edge,3,12,0,3,0.8574188947677612,0.6682055573347334,0.8573144674301147,,,
67,14,global_diversity,-1,-1,-1,-1,0.02466568537056446,0.6496726870536804,0.024696921929717064,120,4,
68,14,intra_node,0,1,0,0,-0.6788807511329651,0.989186433223299,-0.6788404583930969,,,
68,14,intra_node,0,2,0,0,0.7512836456298828,0.3018540287061431,0.7508754134178162,,,
68,14,intra_node,0,3,0,0,-0.7036024332046509,0.41891054559587027,-0.7032575011253357,,,
68,14,intra_node,1,2,0,0,-0.6470855474472046,0.9845110231651693,-0.6470114588737488,,,
68,14,intra_node,1,3,0,0,0.6615254878997803,0.9813908741679203,0.6614071726799011,,,
68,14,intra_node,2,3,0,0,-0.6261246204376221,0.1676676822653423,-0.6256794333457947,,,
68,14,intra_node,4,5,1,1,-0.8279626965522766,0.7256633619674816,-0.8276868462562561,,,
68,14,intra_node,4,6,1,1,-0.537804901599884,0.8127719020574831,-0.5374770760536194,,,
68,14,intra_node,4,7,1,1,-0.7976033687591553,0.6529388570949745,-0.7972294092178345,,,
68,14,intra_node,5,6,1,1,0.6156298518180847,0.9486364730652268,0.6153771281242371,,,
68,14,intra_node,5,7,1,1,0.8782639503479004,0.9047884128637119,0.8780773282051086,,,
68,14,intra_node,6,7,1,1,0.6460131406784058,0.4605328145486096,0.6457993984222412,,,
68,14,intra_node,8,9,2,2,-0.47740820050239563,0.7348855109055696,-0.47652459144592285,,,
68,14,intra_node,8,10,2,2,0.7871554493904114,0.9644690897013848,0.7866156697273254,,,
68,14,intra_node,8,11,2,2,0.8401966094970703,0.9540642291291374,0.8398094773292542,,,
68,14,intra_node,9,10,2,2,-0.48921188712120056,0.865978994886396,-0.4884255528450012,,,
68,14,intra_node,9,11,2,2,-0.49773454666137695,0.8267323259933148,-0.49696946144104004,,,
68,14,intra_node,10,11,2,2,0.7959972620010376,0.22650889219859274,0.7955405116081238,,,
68,14,intra_node,12,13,3,3,0.43552616238594055,0.024415239831530995,0.43509232997894287,,,
68,14,intra_node,12,14,3,3,0.40745285153388977,0.9643541897883716,0.4069581925868988,,,
68,14,intra_node,12,15,3,3,0.4348486661911011,0.8078464517063946,0.4343756139278412,,,
68,14,intra_node,13,14,3,3,0.8232340216636658,0.9634621084020696,0.8230755925178528,,,
68,14,intra_node,13,15,3,3,0.8927338123321533,0.8125379266724626,0.8926388025283813,,,
68,14,intra_node,14,15,3,3,0.7796830534934998,0.9931505310860351,0.779461681842804,,,
68,14,inter_node,0,4,0,1,0.7721163630485535,0.05601122008693184,0.7717008590698242,,,
68,14,inter_node,0,8,0,2,0.7775797843933105,0.9405745786417424,0.7771633267402649,,,
68,14,inter_node,0,12,0,3,-0.41126275062561035,0.5416512407327009,-0.410664439201355,,,
68,14,inter_node,4,8,1,2,0.8171561360359192,0.9370485935609001,0.8167257905006409,,,
68,14,inter_node,4,12,1,3,-0.37255898118019104,0.5144552890665623,-0.3718586564064026,,,
68,14,inter_node,8,12,2,3,-0.36702921986579895,0.8703488988314204,-0.3662429451942444,,,
68,14,inter_node,1,5,0,1,0.6633143424987793,0.996857422865838,0.6632365584373474,,,
68,14,inter_node,1,9,0,2,0.41469740867614746,0.9517574605990535,0.4144105315208435,,,
68,14,inter_node,1,13,0,3,0.750821590423584,0.9758171267880085,0.7507475018501282,,,
68,14,inter_node,5,9,1,2,0.455269992351532,0.9348587953042055,0.45456477999687195,,,
68,14,inter_node,5,13,1,3,0.8453651666641235,0.8700494723429438,0.8452309966087341,,,
68,14,inter_node,9,13,2,3,0.4827684760093689,0.4987230458370709,0.48226478695869446,,,
68,14,inter_node,2,6,0,1,-0.6058046817779541,0.7468420201370628,-0.6055451035499573,,,
68,14,inter_node,2,10,0,2,0.7953392267227173,0.582573226837799,0.7949665784835815,,,
68,14,inter_node,2,14,0,3,-0.6121394634246826,0.9765977122903133,-0.6116679310798645,,,
68,14,inter_node,6,10,1,2,-0.6416062116622925,0.8943250813655527,-0.6414268016815186,,,
68,14,inter_node,6,14,1,3,0.6329872608184814,0.907558561960571,0.6327536106109619,,,
68,14,inter_node,10,14,2,3,-0.692460834980011,0.990231258556732,-0.6920863389968872,,,
68,14,inter_node,3,7,0,1,0.7010172009468079,0.4361938211697451,0.7006675601005554,,,
68,14,inter_node,3,11,0,2,-0.6716750264167786,0.5508186324492328,-0.671276867389679,,,
68,14,inter_node,3,15,0,3,0.723514199256897,0.7563898706342259,0.7232404351234436,,,
68,14,inter_node,7,11,1,2,-0.8533616065979004,0.7467487695594537,-0.853092610836029,,,
68,14,inter_node,7,15,1,3,0.8753855228424072,0.8626511038379389,0.8752614259719849,,,
68,14,inter_node,11,15,2,3,-0.8821742534637451,0.45765753665585684,-0.8821009993553162,,,
68,14,cluster_edge,0,15,0,3,-0.8294181227684021,0.580770004481357,-0.8292310237884521,,,
68,14,cluster_edge,1,14,0,3,0.7093541622161865,0.3381426197738966,0.7092680931091309,,,
68,14,cluster_edge,2,13,0,3,-0.6612077355384827,0.35950634570790946,-0.6608561277389526,,,
68,14,cluster_edge,3,12,0,3,0.4142102003097534,0.21122512929217305,0.41372668743133545,,,
68,14,global_diversity,-1,-1,-1,-1,0.0025470454711467028,0.6992787718772888,0.002562095643952489,120,4,
69,14,intra_node,0,1,0,0,0.8771297335624695,0.8982850953672857,0.8769415020942688,,,
69,14,intra_node,0,2,0,0,0.566720724105835,0.9765534615180926,0.5660306215286255,,,
69,14,intra_node,0,3,0,0,-0.6016972661018372,0.5059238238188783,-0.6010158658027649,,,
69,14,intra_node,1,2,0,0,0.5903648734092712,0.7694876816080078,0.5897122025489807,,,
69,14,intra_node,1,3,0,0,-0.5687195062637329,0.7941311288900783,-0.5679803490638733,,,
69,14,intra_node,2,3,0,0,-0.4148750901222229,0.9525446892357098,-0.4138258397579193,,,
69,14,intra_node,4,5,1,1,-0.6267145872116089,0.9968775378833751,-0.626367449760437,,,
69,14,intra_node,4,6,1,1,-0.5594425797462463,0.9901476771961679,-0.5590916275978088,,,
69,14,intra_node,4,7,1,1,-0.6008699536323547,0.9992701655514384,-0.6006591320037842,,,
69,14,intra_node,5,6,1,1,0.7913819551467896,0.6830735067460008,0.791187047958374,,,
69,14,intra_node,5,7,1,1,0.8674430251121521,0.7662631534660783,0.8674429655075073,,,
69,14,intra_node,6,7,1,1,0.7477390766143799,0.925922600883756,0.7476155161857605,,,
69,14,intra_node,8,9,2,2,-0.7754153609275818,0.8654428828608317,-0.7750276327133179,,,
69,14,intra_node,8,10,2,2,0.6713859438896179,0.5125897246288501,0.6708155870437622,,,
69,14,intra_node,8,11,2,2,-0.7520081400871277,0.05011147242046278,-0.7514443397521973,,,
69,14,intra_node,9,10,2,2,-0.5954177379608154,0.7239345907578443,-0.5947874188423157,,,
69,14,intra_node,9,11,2,2,0.7422686815261841,0.8721857381253281,0.7417951226234436,,,
69,14,intra_node,10,11,2,2,-0.6258174777030945,0.5370145712005616,-0.6250947713851929,,,
69,14,intra_node,12,13,3,3,-0.7922540903091431,0.9925891089666942,-0.7919583320617676,,,
69,14,intra_node,12,14,3,3,-0.7666894793510437,0.9963668186149119,-0.766673743724823,,,
69,14,intra_node,12,15,3,3,0.786432147026062,0.9600424260785961,0.7861061692237854,,,
69,14,intra_node,13,14,3,3,0.7266688942909241,0.5097510719345446,0.7266226410865784,,,
69,14,intra_node,13,15,3,3,-0.6520232558250427,0.8145310061145621,-0.6514796614646912,,,
69,14,intra_node,14,15,3,3,-0.6310398578643799,0.9090740245582856,-0.6309333443641663,,,
69,14,inter_node,0,4,0,1,-0.6866602897644043,0.07913356124591484,-0.6863652467727661,,,
69,14,inter_node,0,8,0,2,-0.7654046416282654,0.20123975871968314,-0.7650049924850464,,,
69,14,inter_node,0,12,0,3,-0.7564114332199097,0.8714718369613552,-0.7560547590255737,,,
69,14,inter_node,4,8,1,2,0.7079683542251587,0.2644485011938408,0.7077091932296753,,,
69,14,inter_node,4,12,1,3,0.7101997137069702,0.860426922266229,0.7099325060844421,,,
69,14,inter_node,8,12,2,3,0.6889094114303589,0.8973368134799362,0.6884050369262695,,,
69,14,inter_node,1,5,0,1,0.8275048136711121,0.9666638120146978,0.8272724747657776,,,
69,14,inter_node,1,9,0,2,0.672603964805603,0.9828653660633813,0.6720964312553406,,,
69,14,inter_node,1,13,0,3,0.7428340911865234,0.43312470441111706,0.7424522638320923,,,
69,14,inter_node,5,9,1,2,0.5659132599830627,0.9994287966220295,0.5653113126754761,,,
69,14,inter_node,5,13,1,3,0.7757088541984558,0.9411930838321825,0.7754106521606445,,,
69,14,inter_node,9,13,2,3,0.6476383209228516,0.990286799322372,0.6471102833747864,,,
69,14,inter_node,2,6,0,1,0.517769455909729,0.5436865683025318,0.5172408819198608,,,
69,14,inter_node,2,10,0,2,-0.4726194441318512,0.9856927233137582,-0.47177401185035706,,,
69,14,inter_node,2,14,0,3,0.5407474637031555,0.17055048969942588,0.5405450463294983,,,
69,14,inter_node,6,10,1,2,-0.5229779481887817,0.9934713974770558,-0.5224664211273193,,,
69,14,inter_node,6,14,1,3,0.7105192542076111,0.6215110475349604,0.7104082703590393,,,
69,14,inter_node,10,14,2,3,-0.5539672374725342,0.9827508769267256,-0.5537731051445007,,,
69,14,inter_node,3,7,0,1,-0.45013388991355896,0.9983958912788424,-0.4497649669647217,,,
69,14,inter_node,3,11,0,2,-0.6362363696098328,0.34881433548399793,-0.6354112029075623,,,
69,14,inter_node,3,15,0,3,0.7979928851127625,0.3707736548402694,0.797625720500946,,,
69,14,inter_node,7,11,1,2,0.7584925293922424,0.9989554273964572,0.7586300373077393,,,
69,14,inter_node,7,15,1,3,-0.5694796442985535,0.997450665037316,-0.5692408084869385,,,
69,14,inter_node,11,15,2,3,-0.7509576678276062,0.5902568242961855,-0.750460147857666,,,
69,14,cluster_edge,0,15,0,3,-0.7069259285926819,0.6891142534310577,-0.7064518332481384,,,
69,14,cluster_edge,1,14,0,3,0.7779580950737,0.7220899939907619,0.7779721617698669,,,
69,14,cluster_edge,2,13,0,3,0.5443996787071228,0.5933632666907266,0.5436978936195374,,,
69,14,cluster_edge,3,12,0,3,0.6590850353240967,0.9364972966742826,0.6585357189178467,,,
69,14,global_diversity,-1,-1,-1,-1,0.034055646508932114,0.8184344172477722,0.03411896154284477,120,4,
70,14,intra_node,0,1,0,0,-0.4831215739250183,0.9963792337684481,-0.48324692249298096,,,
70,14,intra_node,0,2,0,0,0.5481939315795898,0.9924331674947953,0.5482854843139648,,,
70,14,intra_node,0,3,0,0,0.7254740595817566,0.8650359934231105,0.7254705429077148,,,
70,14,intra_node,1,2,0,0,-0.6936784386634827,0.52149512638723,-0.69333416223526,,,
70,14,intra_node,1,3,0,0,-0.6104413866996765,0.9731723566646696,-0.6104353070259094,,,
70,14,intra_node,2,3,0,0,0.6475116014480591,0.9439344407659249,0.6474769711494446,,,
70,14,intra_node,4,5,1,1,-0.8163415193557739,0.2656943890237772,-0.8161706924438477,,,
70,14,intra_node,4,6,1,1,0.7787303924560547,0.9292161225672205,0.7783677577972412,,,
70,14,intra_node,4,7,1,1,-0.42048150300979614,0.5872767073134991,-0.4200665354728699,,,
70,14,intra_node,5,6,1,1,-0.6770775318145752,0.9036043353411453,-0.6767362356185913,,,
70,14,intra_node,5,7,1,1,0.4668874740600586,0.4379407068157824,0.4665703773498535,,,
70,14,intra_node,6,7,1,1,-0.3761838674545288,0.8284955594048676,-0.37570175528526306,,,
70,14,intra_node,8,9,2,2,-0.6972277164459229,0.9900201472179007,-0.6967441439628601,,,
70,14,intra_node,8,10,2,2,-0.5799977779388428,0.9753055381068394,-0.5791015625,,,
70,14,intra_node,8,11,2,2,0.6709690690040588,0.9438157856729121,0.6707812547683716,,,
70,14,intra_node,9,10,2,2,0.7515876293182373,0.595866764569452,0.7511927485466003,,,
70,14,intra_node,9,11,2,2,-0.7260686755180359,0.8223726557071773,-0.7258986830711365,,,
70,14,intra_node,10,11,2,2,-0.7638260126113892,0.5604733075130894,-0.7637803554534912,,,
70,14,intra_node,12,13,3,3,0.6364338397979736,0.5420942360012503,0.6359390020370483,,,
70,14,intra_node,12,14,3,3,-0.5804347991943359,0.8424629224100975,-0.5800600051879883,,,
70,14,intra_node,12,15,3,3,-0.770125150680542,0.8658427741445964,-0.7699462175369263,,,
70,14,intra_node,13,14,3,3,-0.6575131416320801,0.9278628641280654,-0.6571870446205139,,,
70,14,intra_node,13,15,3,3,-0.6815071105957031,0.7070200106592895,-0.6812494993209839,,,
70,14,intra_node,14,15,3,3,0.6436312794685364,0.9788652627011712,0.6433762311935425,,,
70,14,inter_node,0,4,0,1,-0.5703107714653015,0.9985838493091391,-0.5705220103263855,,,
70,14,inter_node,0,8,0,2,-0.30631300806999207,0.9816081638873216,-0.30636492371559143,,,
70,14,inter_node,0,12,0,3,-0.4697097837924957,0.9962815452380752,-0.4697817862033844,,,
70,14,inter_node,4,8,1,2,0.6055808067321777,0.9230011249456126,0.6048977375030518,,,
70,14,inter_node,4,12,1,3,0.6605244278907776,0.6191561329825487,0.6600945591926575,,,
70,14,inter_node,8,12,2,3,0.6545859575271606,0.7978203622986028,0.6541107892990112,,,
70,14,inter_node,1,5,0,1,-0.6752193570137024,0.46736201415026624,-0.6748870015144348,,,
70,14,inter_node,1,9,0,2,-0.7389930486679077,0.9493069132169976,-0.738631546497345,,,
70,14,inter_node,1,13,0,3,0.6533666849136353,0.5297399059303192,0.6528133749961853,,,
70,14,inter_node,5,9,1,2,0.7451806664466858,0.9048263771459518,0.744927704334259,,,
70,14,inter_node,5,13,1,3,-0.7539218664169312,0.1171112339660483,-0.7536858916282654,,,
70,14,inter_node,9,13,2,3,-0.7847028970718384,0.892202023045802,-0.7843723893165588,,,
70,14,inter_node,2,6,0,1,-0.5775746703147888,0.6217847803490608,-0.5770491361618042,,,
70,14,inter_node,2,10,0,2,0.6969138383865356,0.9399779900351443,0.6965563297271729,,,
70,14,inter_node,2,14,0,3,0.6160739660263062,0.6794214920433278,0.6157485246658325,,,
70,14,inter_node,6,10,1,2,-0.723034679889679,0.9772987623172512,-0.7224817872047424,,,
70,14,inter_node,6,14,1,3,-0.5543668270111084,0.15239130711730964,-0.553906261920929,,,
70,14,inter_node,10,14,2,3,0.7216276526451111,0.980758233600906,0.7214048504829407,,,
70,14,inter_node,3,7,0,1,0.5200539827346802,0.9745766646250577,0.5199398994445801,,,
70,14,inter_node,3,11,0,2,-0.6550521850585938,0.9923436559996113,-0.6549837589263916,,,
70,14,inter_node,3,15,0,3,0.6456111669540405,0.9963037732208665,0.6455471515655518,,,
70,14,inter_node,7,11,1,2,-0.5201470851898193,0.6988458088809635,-0.5199092626571655,,,
70,14,inter_node,7,15,1,3,0.47322773933410645,0.85461283011762,0.4729408025741577,,,
70,14,inter_node,11,15,2,3,-0.7972263693809509,0.5172334499408873,-0.7971056699752808,,,
70,14,cluster_edge,0,15,0,3,0.5895312428474426,0.9995011424246714,0.5895870923995972,,,
70,14,cluster_edge,1,14,0,3,-0.5967081785202026,0.8466016215672222,-0.5963221192359924,,,
70,14,cluster_edge,2,13,0,3,-0.5435358285903931,0.774978253122058,-0.5429570078849792,,,
70,14,cluster_edge,3,12,0,3,-0.5653244256973267,0.9724485449399699,-0.5652546286582947,,,
70,14,global_diversity,-1,-1,-1,-1,-0.010771498084068298,0.7700925469398499,-0.010739010758697987,120,4,
71,14,intra_node,0,1,0,0,0.8431898355484009,0.2693886404288113,0.8429811000823975,,,
71,14,intra_node,0,2,0,0,0.7859078645706177,0.4376296897469287,0.7855347990989685,,,
71,14,intra_node,0,3,0,0,0.7909653186798096,0.887434106261268,0.7907842993736267,,,
71,14,intra_node,1,2,0,0,0.7845567464828491,0.23027434095311855,0.7842607498168945,,,
71,14,intra_node,1,3,0,0,0.7947701215744019,0.8459291766216183,0.7945817112922668,,,
71,14,intra_node,2,3,0,0,0.7717748880386353,0.7998367060165811,0.771571695804596,,,
71,14,intra_node,4,5,1,1,-0.49352410435676575,0.693124960734959,-0.49307915568351746,,,
71,14,intra_node,4,6,1,1,-0.6413793563842773,0.9689221451047217,-0.6411429643630981,,,
71,14,intra_node,4,7,1,1,-0.7372696995735168,0.9636729062866387,-0.7369758486747742,,,
71,14,intra_node,5,6,1,1,0.582531213760376,0.9904629820587383,0.5822701454162598,,,
71,14,intra_node,5,7,1,1,0.6600469350814819,0.9888521216903274,0.6597236394882202,,,
71,14,intra_node,6,7,1,1,0.6994850635528564,0.14449927812838925,0.6992969512939453,,,
71,14,intra_node,8,9,2,2,0.6821581721305847,0.998882288687164,0.6821688413619995,,,
71,14,intra_node,8,10,2,2,-0.6362218260765076,0.8819252056904682,-0.6357510089874268,,,
71,14,intra_node,8,11,2,2,-0.5826287865638733,0.9770590649706918,-0.582073450088501,,,
71,14,intra_node,9,10,2,2,-0.4134184718132019,0.9905338703372544,-0.4132940173149109,,,
71,14,intra_node,9,11,2,2,-0.2547435164451599,0.9512787377058473,-0.2544673681259155,,,
71,14,intra_node,10,11,2,2,0.809664249420166,0.8057084480776755,0.8093233108520508,,,
71,14,intra_node,12,13,3,3,-0.4543417692184448,0.836629997298914,-0.4540427625179291,,,
71,14,intra_node,12,14,3,3,-0.4916614890098572,0.828417734333808,-0.49139824509620667,,,
71,14,intra_node,12,15,3,3,0.7852035164833069,0.9470806909338694,0.7851206064224243,,,
71,14,intra_node,13,14,3,3,0.8212648630142212,0.047861956672623565,0.8209751844406128,,,
71,14,intra_node,13,15,3,3,-0.35006484389305115,0.676076952982882,-0.3494707942008972,,,
71,14,intra_node,14,15,3,3,-0.4325173497200012,0.6915805438244795,-0.43202656507492065,,,
71,14,inter_node,0,4,0,1,0.7165956497192383,0.37427363686681253,0.7162593007087708,,,
71,14,inter_node,0,8,0,2,-0.6308286190032959,0.7423857390761406,-0.6303525567054749,,,
71,14,inter_node,0,12,0,3,-0.5718895196914673,0.5730772080467148,-0.5717113018035889,,,
71,14,inter_node,4,8,1,2,-0.567835807800293,0.5882956574916989,-0.5673896670341492,,,
71,14,inter_node,4,12,1,3,-0.502211332321167,0.7328631540524044,-0.5019631385803223,,,
71,14,inter_node,8,12,2,3,0.7087109684944153,0.8900186004794038,0.7086057662963867,,,
71,14,inter_node,1,5,0,1,-0.5824912786483765,0.6416862020432874,-0.5820972919464111,,,
71,14,inter_node,1,9,0,2,-0.3799045979976654,0.9968300955896203,-0.3797331750392914,,,
71,14,inter_node,1,13,0,3,0.7205913066864014,0.9490425041820216,0.7202053666114807,,,
71,14,inter_node,5,9,1,2,0.7175793647766113,0.991153272833879,0.7175679206848145,,,
71,14,inter_node,5,13,1,3,-0.44823503494262695,0.8577852817598319,-0.4476390480995178,,,
71,14,inter_node,9,13,2,3,-0.20795734226703644,0.9377931674330574,-0.2076413482427597,,,
71,14,inter_node,2,6,0,1,-0.646426796913147,0.9654209463709911,-0.6462028622627258,,,
71,14,inter_node,2,10,0,2,0.7935382127761841,0.7422434671481766,0.7931750416755676,,,
71,14,inter_node,2,14,0,3,0.8029242753982544,0.9588050363844292,0.8025982975959778,,,
71,14,inter_node,6,10,1,2,-0.7111225724220276,0.9910870230272893,-0.7109711170196533,,,
71,14,inter_node,6,14,1,3,-0.6609386801719666,0.9985755171438921,-0.6607214212417603,,,
71,14,inter_node,10,14,2,3,0.8156516551971436,0.8401787797198039,0.8153480887413025,,,
71,14,inter_node,3,7,0,1,-0.7104570865631104,0.7980665414941867,-0.7101784944534302,,,
71,14,inter_node,3,11,0,2,0.7659058570861816,0.9899758388937191,0.7656990885734558,,,
71,14,inter_node,3,15,0,3,-0.5783919095993042,0.9974568596412383,-0.5781076550483704,,,
71,14,inter_node,7,11,1,2,-0.6913954615592957,0.9979757864791893,-0.6909279823303223,,,
71,14,inter_node,7,15,1,3,0.5663971900939941,0.9994864548718896,0.5660589933395386,,,
71,14,inter_node,11,15,2,3,-0.4149172008037567,0.7462989339658346,-0.414384126663208,,,
71,14,cluster_edge,0,15,0,3,-0.5060276389122009,0.9774075408252487,-0.5056092143058777,,,
71,14,cluster_edge,1,14,0,3,0.7353212833404541,0.9464809791236779,0.7349639534950256,,,
71,14,cluster_edge,2,13,0,3,0.7767711281776428,0.9607767079481279,0.7763859629631042,,,
71,14,cluster_edge,3,12,0,3,-0.6490375399589539,0.9519430543663437,-0.6488848328590393,,,
71,14,global_diversity,-1,-1,-1,-1,0.05645154416561127,0.8139069676399231,0.056511279195547104,120,4,
72,14,intra_node,0,1,0,0,0.7183371782302856,0.6664802604275405,0.7179285287857056,,,
72,14,intra_node,0,2,0,0,0.7579138278961182,0.7580839833282695,0.757544219493866,,,
72,14,intra_node,0,3,0,0,0.7105003595352173,0.897401247057054,0.7101994752883911,,,
72,14,intra_node,1,2,0,0,0.8118453025817871,0.27465757504535193,0.8115060329437256,,,
72,14,intra_node,1,3,0,0,0.6503841876983643,0.9657812906380095,0.6499976515769958,,,
72,14,intra_node,2,3,0,0,0.7179251313209534,0.9751797183725556,0.7176576852798462,,,
72,14,intra_node,4,5,1,1,0.7593678832054138,0.9348211389925333,0.7591550350189209,,,
72,14,intra_node,4,6,1,1,0.789936363697052,0.6963438142145036,0.7897478342056274,,,
72,14,intra_node,4,7,1,1,0.7663809061050415,0.18495189346722482,0.7662913799285889,,,
72,14,intra_node,5,6,1,1,0.7790880799293518,0.7853530932068374,0.7786931991577148,,,
72,14,intra_node,5,7,1,1,0.7617943286895752,0.9200306577181826,0.7618443369865417,,,
72,14,intra_node,6,7,1,1,0.7210792303085327,0.6274377139807691,0.7210370302200317,,,
72,14,intra_node,8,9,2,2,-0.562505841255188,0.6575645753978594,-0.5623199939727783,,,
72,14,intra_node,8,10,2,2,0.4228903651237488,0.9999229623912891,0.4225805699825287,,,
72,14,intra_node,8,11,2,2,-0.489153653383255,0.713872433730824,-0.4889161288738251,,,
72,14,intra_node,9,10,2,2,-0.4004652202129364,0.9997750302592076,-0.3998550474643707,,,
72,14,intra_node,9,11,2,2,0.6715419888496399,0.16443350859037426,0.671286404132843,,,
72,14,intra_node,10,11,2,2,-0.33081626892089844,0.9997307578234582,-0.33000874519348145,,,
72,14,intra_node,12,13,3,3,0.5959635972976685,0.9997591930346755,0.595597505569458,,,
72,14,intra_node,12,14,3,3,0.8643535375595093,0.9244242087665614,0.8644482493400574,,,
72,14,intra_node,12,15,3,3,0.675362229347229,0.8505629544409108,0.6752020120620728,,,
72,14,intra_node,13,14,3,3,0.6218606233596802,0.9968137023589906,0.6219396591186523,,,
72,14,intra_node,13,15,3,3,0.6683658957481384,0.9983885724960394,0.6682098507881165,,,
72,14,intra_node,14,15,3,3,0.7135878801345825,0.49426334714603914,0.7135705351829529,,,
72,14,inter_node,0,4,0,1,-0.6351476311683655,0.04811143281898511,-0.6347847580909729,,,
72,14,inter_node,0,8,0,2,0.623490035533905,0.810050566458372,0.623352587223053,,,
72,14,inter_node,0,12,0,3,-0.4459729790687561,0.9990231201781236,-0.44544658064842224,,,
72,14,inter_node,4,8,1,2,-0.5962430238723755,0.8191893058692143,-0.5960710644721985,,,
72,14,inter_node,4,12,1,3,0.7555218935012817,0.9989737456089325,0.7553325295448303,,,
72,14,inter_node,8,12,2,3,-0.48512008786201477,0.9998144422311963,-0.4848913848400116,,,
72,14,inter_node,1,5,0,1,-0.7866204977035522,0.977162834497301,-0.7862451672554016,,,
72,14,inter_node,1,9,0,2,-0.6785451173782349,0.8149961100539014,-0.6782686114311218,,,
72,14,inter_node,1,13,0,3,-0.5591017007827759,0.917785305250755,-0.5584793090820312,,,
72,14,inter_node,5,9,1,2,0.8034358620643616,0.8765584577202531,0.8033365607261658,,,
72,14,inter_node,5,13,1,3,0.692877471446991,0.7222252594581494,0.6924214959144592,,,
72,14,inter_node,9,13,2,3,0.6372491121292114,0.5556055887624933,0.6369357705116272,,,
72,14,inter_node,2,6,0,1,-0.6668668985366821,0.9228278420020262,-0.6662060618400574,,,
72,14,inter_node,2,10,0,2,0.7350470423698425,0.9983235130856597,0.7345190644264221,,,
72,14,inter_node,2,14,0,3,-0.5007501840591431,0.9465689371226794,-0.5009444355964661,,,
72,14,inter_node,6,10,1,2,-0.41078290343284607,0.999870621886965,-0.40978944301605225,,,
72,14,inter_node,6,14,1,3,0.7349815964698792,0.9958766095736318,0.7352345585823059,,,
72,14,inter_node,10,14,2,3,-0.22001060843467712,0.9686233658089571,-0.21981242299079895,,,
72,14,inter_node,3,7,0,1,-0.6785169839859009,0.8801756863789579,-0.6783769130706787,,,
72,14,inter_node,3,11,0,2,-0.5559589266777039,0.8454518608744149,-0.5555611252784729,,,
72,14,inter_node,3,15,0,3,-0.6038637161254883,0.9993293051858415,-0.6036558747291565,,,
72,14,inter_node,7,11,1,2,0.6831628680229187,0.22467967392558852,0.683025598526001,,,
72,14,inter_node,7,15,1,3,0.6694192886352539,0.9944026817772588,0.6692939400672913,,,
72,14,inter_node,11,15,2,3,0.5450341701507568,0.9956602854104021,0.5447881817817688,,,
72,14,cluster_edge,0,15,0,3,-0.6032181978225708,0.9934629340521178,-0.6030102372169495,,,
72,14,cluster_edge,1,14,0,3,-0.5165091156959534,0.96124418328466,-0.516565203666687,,,
72,14,cluster_edge,2,13,0,3,-0.5807893872261047,0.9403661939436765,-0.5800986289978027,,,
72,14,cluster_edge,3,12,0,3,-0.5615060329437256,0.9998997733485003,-0.5611534118652344,,,
72,14,global_diversity,-1,-1,-1,-1,0.0623568519949913,0.8060027956962585,0.06243599206209183,120,4,
73,14,intra_node,0,1,0,0,-0.6253607869148254,0.9719109433520778,-0.6248540878295898,,,
73,14,intra_node,0,2,0,0,-0.6737977862358093,0.9914069697813872,-0.6734187006950378,,,
73,14,intra_node,0,3,0,0,-0.8023750185966492,0.45101776376337954,-0.8021390438079834,,,
73,14,intra_node,1,2,0,0,0.8086619973182678,0.694079074056463,0.8082354068756104,,,
73,14,intra_node,1,3,0,0,0.7142013907432556,0.9845796068676466,0.7136421799659729,,,
73,14,intra_node,2,3,0,0,0.7650679349899292,0.9952825790545371,0.7645679712295532,,,
73,14,intra_node,4,5,1,1,-0.6463088393211365,0.9134277847616965,-0.6461614370346069,,,
73,14,intra_node,4,6,1,1,0.8019999265670776,0.375511920464681,0.8019784688949585,,,
73,14,intra_node,4,7,1,1,-0.7344264388084412,0.9528682496500958,-0.7341169118881226,,,
73,14,intra_node,5,6,1,1,-0.6271849274635315,0.9459366835647136,-0.6270679235458374,,,
73,14,intra_node,5,7,1,1,0.7631165385246277,0.4555787879498423,0.763100802898407,,,
73,14,intra_node,6,7,1,1,-0.6763429641723633,0.9705667837388502,-0.6762797236442566,,,
73,14,intra_node,8,9,2,2,-0.5841610431671143,0.7056511962492237,-0.5834929943084717,,,
73,14,intra_node,8,10,2,2,-0.49919819831848145,0.7586973356666664,-0.4983586072921753,,,
73,14,intra_node,8,11,2,2,0.8276640176773071,0.8260814760201954,0.8275928497314453,,,
73,14,intra_node,9,10,2,2,0.8488730192184448,0.18021523696205227,0.8486021161079407,,,
73,14,intra_node,9,11,2,2,-0.6322795152664185,0.9488072905164439,-0.6320086717605591,,,
73,14,intra_node,10,11,2,2,-0.5632217526435852,0.9580329967867524,-0.5628712177276611,,,
73,14,intra_node,12,13,3,3,0.6438952684402466,0.8096137281685273,0.6436805129051208,,,
73,14,intra_node,12,14,3,3,0.6079752445220947,0.9828019746488305,0.6077234745025635,,,
73,14,intra_node,12,15,3,3,0.4800160229206085,0.9988241106370741,0.4796236753463745,,,
73,14,intra_node,13,14,3,3,0.8252044320106506,0.9096677234879991,0.8250620365142822,,,
73,14,intra_node,13,15,3,3,0.7098562121391296,0.9938236651644359,0.7095683813095093,,,
73,14,intra_node,14,15,3,3,0.744900107383728,0.9316264897326749,0.7444666028022766,,,
73,14,inter_node,0,4,0,1,0.7106846570968628,0.9663196480458265,0.7103821039199829,,,
73,14,inter_node,0,8,0,2,0.732532262802124,0.9814708296206648,0.7322052717208862,,,
73,14,inter_node,0,12,0,3,-0.7470812797546387,0.7842390501663246,-0.7469370365142822,,,
73,14,inter_node,4,8,1,2,0.881209135055542,0.4498522341884505,0.8810824155807495,,,
73,14,inter_node,4,12,1,3,-0.8068143129348755,0.992733095271635,-0.8067135810852051,,,
73,14,inter_node,8,12,2,3,-0.8600698709487915,0.9960021285993246,-0.8600651025772095,,,
73,14,inter_node,1,5,0,1,0.7483808398246765,0.9277996898229122,0.7484440803527832,,,
73,14,inter_node,1,9,0,2,0.8084795475006104,0.8058304625885294,0.808125376701355,,,
73,14,inter_node,1,13,0,3,0.7532521486282349,0.9681672345175586,0.7530351877212524,,,
73,14,inter_node,5,9,1,2,0.745433509349823,0.9859808991719502,0.7454405426979065,,,
73,14,inter_node,5,13,1,3,0.8142455816268921,0.5591048652787756,0.8141915798187256,,,
73,14,inter_node,9,13,2,3,0.7292547821998596,0.9938190466517466,0.7289919257164001,,,
73,14,inter_node,2,6,0,1,-0.5215111970901489,0.5914496705132015,-0.5215187072753906,,,
73,14,inter_node,2,10,0,2,0.8090112209320068,0.4796785223988593,0.808631420135498,,,
73,14,inter_node,2,14,0,3,0.7611944675445557,0.8921945790833893,0.7607445120811462,,,
73,14,inter_node,6,10,1,2,-0.47594621777534485,0.7874224888869961,-0.4757198691368103,,,
73,14,inter_node,6,14,1,3,-0.6076582670211792,0.7361269514773596,-0.6075565218925476,,,
73,14,inter_node,10,14,2,3,0.6866582036018372,0.9439065240952562,0.6860975027084351,,,
73,14,inter_node,3,7,0,1,0.8021680116653442,0.6076972572465443,0.8018515706062317,,,
73,14,inter_node,3,11,0,2,-0.8027337789535522,0.9415117771374486,-0.8026769757270813,,,
73,14,inter_node,3,15,0,3,0.6086658239364624,0.9970080666936091,0.6079694032669067,,,
73,14,inter_node,7,11,1,2,-0.7212653756141663,0.850910492106071,-0.7210811972618103,,,
73,14,inter_node,7,15,1,3,0.6606523990631104,0.992373407115659,0.6601219773292542,,,
73,14,inter_node,11,15,2,3,-0.533179521560669,0.9488455425732106,-0.5327951312065125,,,
73,14,cluster_edge,0,15,0,3,-0.5396923422813416,0.9945500362144661,-0.5390905737876892,,,
73,14,cluster_edge,1,14,0,3,0.7917676568031311,0.6476036394564652,0.7913850545883179,,,
73,14,cluster_edge,2,13,0,3,0.7066166400909424,0.9902616909082681,0.7064791917800903,,,
73,14,cluster_edge,3,12,0,3,0.7911861538887024,0.6069800886222503,0.7911587953567505,,,
73,14,global_diversity,-1,-1,-1,-1,0.10194091498851776,0.7931801080703735,0.10194545239210129,120,4,
74,14,intra_node,0,1,0,0,-0.6312713623046875,0.9697574418407972,-0.6307529211044312,,,
74,14,intra_node,0,2,0,0,0.7274237871170044,0.9867418771067098,0.727060854434967,,,
74,14,intra_node,0,3,0,0,-0.46188706159591675,0.8877442345769762,-0.4609568417072296,,,
74,14,intra_node,1,2,0,0,-0.6609057188034058,0.5616070960830478,-0.6605227589607239,,,
74,14,intra_node,1,3,0,0,0.6155126690864563,0.7305923838723386,0.6150703430175781,,,
74,14,intra_node,2,3,0,0,-0.5757696032524109,0.881893612828451,-0.5752620697021484,,,
74,14,intra_node,4,5,1,1,-0.5007151961326599,0.9666078148596471,-0.5003138184547424,,,
74,14,intra_node,4,6,1,1,0.6932077407836914,0.9672821712357412,0.6928888559341431,,,
74,14,intra_node,4,7,1,1,0.8173903822898865,0.009314316747024801,0.8170925378799438,,,
74,14,intra_node,5,6,1,1,-0.597313642501831,0.9989074802045135,-0.5970444679260254,,,
74,14,intra_node,5,7,1,1,-0.5066123008728027,0.9669188402489196,-0.5062081813812256,,,
74,14,intra_node,6,7,1,1,0.7472614645957947,0.9669745618440475,0.7470102906227112,,,
74,14,intra_node,8,9,2,2,-0.5576759576797485,0.9614093689888626,-0.557735800743103,,,
74,14,intra_node,8,10,2,2,-0.41857537627220154,0.6035701521517158,-0.41856974363327026,,,
74,14,intra_node,8,11,2,2,0.6860611438751221,0.9674531712022606,0.68614262342453,,,
74,14,intra_node,9,10,2,2,0.6207979321479797,0.9026545775485952,0.6204298138618469,,,
74,14,intra_node,9,11,2,2,-0.7105953097343445,0.15661320001877335,-0.7103540897369385,,,
74,14,intra_node,10,11,2,2,-0.5093849897384644,0.917900155665889,-0.5089637637138367,,,
74,14,intra_node,12,13,3,3,0.8538457155227661,0.704123437738087,0.853515625,,,
74,14,intra_node,12,14,3,3,-0.7662801742553711,0.9966764535910996,-0.7659118175506592,,,
74,14,intra_node,12,15,3,3,-0.5941106677055359,0.8349159806900843,-0.593555212020874,,,
74,14,intra_node,13,14,3,3,-0.7922775745391846,0.9887671183432286,-0.791984498500824,,,
74,14,intra_node,13,15,3,3,-0.6230703592300415,0.4420510430164401,-0.6225500702857971,,,
74,14,intra_node,14,15,3,3,0.7631748914718628,0.9798675460968692,0.7628952860832214,,,
74,14,inter_node,0,4,0,1,0.8266616463661194,0.8213279797730177,0.8263854384422302,,,
74,14,inter_node,0,8,0,2,-0.4419155418872833,0.27526010520528554,-0.4421859383583069,,,
74,14,inter_node,0,12,0,3,0.8261634111404419,0.06873806349499872,0.8257625699043274,,,
74,14,inter_node,4,8,1,2,-0.5067240595817566,0.8705092588579377,-0.5068469643592834,,,
74,14,inter_node,4,12,1,3,0.7887158393859863,0.8336095484441597,0.788354218006134,,,
74,14,inter_node,8,12,2,3,-0.45265647768974304,0.22176579286098383,-0.452815443277359,,,
74,14,inter_node,1,5,0,1,0.6520252227783203,0.9943479393142414,0.6517825126647949,,,
74,14,inter_node,1,9,0,2,-0.7526398301124573,0.432038610296419,-0.7523900866508484,,,
74,14,inter_node,1,13,0,3,-0.6800840497016907,0.904812523638579,-0.6796701550483704,,,
74,14,inter_node,5,9,1,2,-0.5038654804229736,0.9900485124724615,-0.5035175681114197,,,
74,14,inter_node,5,13,1,3,-0.4814985394477844,0.940621803394618,-0.4810640215873718,,,
74,14,inter_node,9,13,2,3,0.741289496421814,0.8324050224415794,0.7410746216773987,,,
74,14,inter_node,2,6,0,1,0.6770389676094055,0.5590808284248867,0.6767227053642273,,,
74,14,inter_node,2,10,0,2,0.4946776032447815,0.9757619396142546,0.49413347244262695,,,
74,14,inter_node,2,14,0,3,-0.8423267602920532,0.7308168600120116,-0.8421292901039124,,,
74,14,inter_node,6,10,1,2,0.5529876351356506,0.9893129744941296,0.5525756478309631,,,
74,14,inter_node,6,14,1,3,-0.7169219255447388,0.38949549635962855,-0.7166351675987244,,,
74,14,inter_node,10,14,2,3,-0.5019781589508057,0.9934755227981465,-0.5014029741287231,,,
74,14,inter_node,3,7,0,1,-0.541588306427002,0.36581462774061774,-0.5409277081489563,,,
74,14,inter_node,3,11,0,2,0.6649385690689087,0.5999467017026238,0.6646350026130676,,,
74,14,inter_node,3,15,0,3,0.7220287322998047,0.3667495986062577,0.7217134833335876,,,
74,14,inter_node,7,11,1,2,-0.6139932870864868,0.7462920500956848,-0.6136116981506348,,,
74,14,inter_node,7,15,1,3,-0.650268018245697,0.0014742863940696296,-0.6498158574104309,,,
74,14,inter_node,11,15,2,3,0.7042338848114014,0.746666088274296,0.7039774060249329,,,
74,14,cluster_edge,0,15,0,3,-0.5584046244621277,0.822730842055597,-0.5577533841133118,,,
74,14,cluster_edge,1,14,0,3,0.7168169021606445,0.8819920215751823,0.7164757251739502,,,
74,14,cluster_edge,2,13,0,3,0.780466616153717,0.9582704858213904,0.7802260518074036,,,
74,14,cluster_edge,3,12,0,3,-0.49520471692085266,0.8954604785083036,-0.4944274127483368,,,
74,14,global_diversity,-1,-1,-1,-1,0.026574941352009773,0.7816306948661804,0.026626233011484146,120,4,
75,14,intra_node,0,1,0,0,-0.4856863021850586,0.00560299467541375,-0.4853590428829193,,,
75,14,intra_node,0,2,0,0,-0.4445447623729706,0.9160685495523799,-0.44427838921546936,,,
75,14,intra_node,0,3,0,0,-0.46014586091041565,0.5025333023559032,-0.4598569869995117,,,
75,14,intra_node,1,2,0,0,0.7932511568069458,0.9155956323297418,0.793172299861908,,,
75,14,intra_node,1,3,0,0,0.812432050704956,0.4997302938561082,0.812303364276886,,,
75,14,intra_node,2,3,0,0,0.7853286266326904,0.8312822730745542,0.7851945757865906,,,
75,14,intra_node,4,5,1,1,0.8365411162376404,0.8937866613808282,0.8363280892372131,,,
75,14,intra_node,4,6,1,1,0.7635153532028198,0.527227060785307,0.763292670249939,,,
75,14,intra_node,4,7,1,1,-0.7308915853500366,0.9978058720438863,-0.7305485010147095,,,
75,14,intra_node,5,6,1,1,0.749279260635376,0.7753396402179888,0.7491652965545654,,,
75,14,intra_node,5,7,1,1,-0.716407060623169,0.9793422560232212,-0.7160422205924988,,,
75,14,intra_node,6,7,1,1,-0.6972149610519409,0.9953590238058923,-0.6969311237335205,,,
75,14,intra_node,8,9,2,2,0.742745578289032,0.9520976628998413,0.7424690127372742,,,
75,14,intra_node,8,10,2,2,-0.7412627935409546,0.9722576255080772,-0.7410364151000977,,,
75,14,intra_node,8,11,2,2,-0.7429547309875488,0.9643403989911341,-0.7426301836967468,,,
75,14,intra_node,9,10,2,2,-0.7683451771736145,0.42085551204074956,-0.7681421637535095,,,
75,14,intra_node,9,11,2,2,-0.8472655415534973,0.2555770100672649,-0.8471123576164246,,,
75,14,intra_node,10,11,2,2,0.8263704776763916,0.22202229674344012,0.8262139558792114,,,
75,14,intra_node,12,13,3,3,0.7306151390075684,0.8089286531287637,0.7302068471908569,,,
75,14,intra_node,12,14,3,3,-0.5420252084732056,0.49249208284987905,-0.5414738059043884,,,
75,14,intra_node,12,15,3,3,-0.8414849042892456,0.3597717574144502,-0.8412444591522217,,,
75,14,intra_node,13,14,3,3,-0.6586630344390869,0.9030297787223106,-0.6582471132278442,,,
75,14,intra_node,13,15,3,3,-0.7502043843269348,0.8776707273841744,-0.7498091459274292,,,
75,14,intra_node,14,15,3,3,0.5757030248641968,0.20730157872986085,0.5751782655715942,,,
75,14,inter_node,0,4,0,1,0.5247825980186462,0.9729547156506991,0.524495542049408,,,
75,14,inter_node,0,8,0,2,0.5663529634475708,0.8133541075891512,0.5661357641220093,,,
75,14,inter_node,0,12,0,3,0.497163861989975,0.5402836532152802,0.4968505799770355,,,
75,14,inter_node,4,8,1,2,0.8218644857406616,0.8550984219370432,0.8215770125389099,,,
75,14,inter_node,4,12,1,3,0.7956491112709045,0.9875668406811855,0.7953511476516724,,,
75,14,inter_node,8,12,2,3,0.7959077954292297,0.9141958321985107,0.795571506023407,,,
75,14,inter_node,1,5,0,1,-0.7392818331718445,0.7439335480969671,-0.7387539148330688,,,
75,14,inter_node,1,9,0,2,-0.7396358251571655,0.7447897730554188,-0.7393450140953064,,,
75,14,inter_node,1,13,0,3,-0.6814014315605164,0.5820293270830026,-0.6808773875236511,,,
75,14,inter_node,5,9,1,2,0.7568762302398682,0.9346492226969333,0.7567008137702942,,,
75,14,inter_node,5,13,1,3,0.7541095614433289,0.3873578494970535,0.7536628842353821,,,
75,14,inter_node,9,13,2,3,0.6955412030220032,0.8933296097086738,0.6951959729194641,,,
75,14,inter_node,2,6,0,1,-0.5439978241920471,0.31842411950312227,-0.5436949729919434,,,
75,14,inter_node,2,10,0,2,0.7522934079170227,0.9875247309228606,0.752133846282959,,,
75,14,inter_node,2,14,0,3,0.6228277087211609,0.9804179796810439,0.6225623488426208,,,
75,14,inter_node,6,10,1,2,-0.69712233543396,0.9914971574943133,-0.6968741416931152,,,
75,14,inter_node,6,14,1,3,-0.5099477767944336,0.9866533672591997,-0.5095019340515137,,,
75,14,inter_node,10,14,2,3,0.5958902835845947,0.36292226879864703,0.5955218076705933,,,
75,14,inter_node,3,7,0,1,0.6276832222938538,0.9596415561974034,0.627353310585022,,,
75,14,inter_node,3,11,0,2,0.8004809021949768,0.9049565799490613,0.8003153800964355,,,
75,14,inter_node,3,15,0,3,0.8340555429458618,0.8535839157393035,0.8339417576789856,,,
75,14,inter_node,7,11,1,2,0.7295187711715698,0.5753683550006268,0.7292165160179138,,,
75,14,inter_node,7,15,1,3,0.6958789229393005,0.7243578531253603,0.6954785585403442,,,
75,14,inter_node,11,15,2,3,0.8973101377487183,0.35086762816500255,0.897196888923645,,,
75,14,cluster_edge,0,15,0,3,-0.5120416283607483,0.7056766112101697,-0.5117414593696594,,,
75,14,cluster_edge,1,14,0,3,0.6030664443969727,0.7679975472897683,0.6025649905204773,,,
75,14,cluster_edge,2,13,0,3,-0.6245237588882446,0.7980615073272865,-0.624249279499054,,,
75,14,cluster_edge,3,12,0,3,-0.7556021213531494,0.771306427111997,-0.7553939819335938,,,
75,14,global_diversity,-1,-1,-1,-1,-0.026317698881030083,0.7581831216812134,-0.026274491101503372,120,4,
76,14,intra_node,0,1,0,0,-0.6078227758407593,0.9597631191159804,-0.6075084805488586,,,
76,14,intra_node,0,2,0,0,0.813653826713562,0.8596457506519705,0.8135480284690857,,,
76,14,intra_node,0,3,0,0,0.6353628635406494,0.9933315699581277,0.635064959526062,,,
76,14,intra_node,1,2,0,0,-0.660997748374939,0.7133191116697428,-0.6608390808105469,,,
76,14,intra_node,1,3,0,0,-0.7140344977378845,0.8342707015214806,-0.7134642601013184,,,
76,14,intra_node,2,3,0,0,0.6863220930099487,0.9524885774898277,0.6861425638198853,,,
76,14,intra_node,4,5,1,1,-0.6544408798217773,0.9647845769929295,-0.6542004346847534,,,
76,14,intra_node,4,6,1,1,-0.5013892650604248,0.7549146530917517,-0.5009758472442627,,,
76,14,intra_node,4,7,1,1,-0.6863887906074524,0.653085398337856,-0.6862286925315857,,,
76,14,intra_node,5,6,1,1,0.6593025922775269,0.9913692158357914,0.658814549446106,,,
76,14,intra_node,5,7,1,1,0.7220233678817749,0.8984896489270108,0.7216429114341736,,,
76,14,intra_node,6,7,1,1,0.7516652941703796,0.9149763145040967,0.7511107325553894,,,
76,14,intra_node,8,9,2,2,0.6557004451751709,0.8711325794749895,0.6551321148872375,,,
76,14,intra_node,8,10,2,2,-0.6844346523284912,0.2196737008353589,-0.6839372515678406,,,
76,14,intra_node,8,11,2,2,0.4712648093700409,0.9988034161495439,0.4710380434989929,,,
76,14,intra_node,9,10,2,2,-0.6824724674224854,0.8348544440153224,-0.68199223279953,,,
76,14,intra_node,9,11,2,2,0.6467980742454529,0.990714613161487,0.6467301249504089,,,
76,14,intra_node,10,11,2,2,-0.6512655019760132,0.998466559628021,-0.6511889100074768,,,
76,14,intra_node,12,13,3,3,-0.5682052373886108,0.7533142288482509,-0.5677234530448914,,,
76,14,intra_node,12,14,3,3,0.6419988870620728,0.9910354677334671,0.6418609023094177,,,
76,14,intra_node,12,15,3,3,0.5735549926757812,0.8155413488387672,0.5732608437538147,,,
76,14,intra_node,13,14,3,3,-0.65256667137146,0.963660116168523,-0.652467668056488,,,
76,14,intra_node,13,15,3,3,-0.557771623134613,0.9544966753926798,-0.5574330687522888,,,
76,14,intra_node,14,15,3,3,0.5881481170654297,0.998346414469824,0.587988018989563,,,
76,14,inter_node,0,4,0,1,0.786259114742279,0.9212966722760378,0.7861337661743164,,,
76,14,inter_node,0,8,0,2,0.5524291396141052,0.9993594116393723,0.5520326495170593,,,
76,14,inter_node,0,12,0,3,0.6282393932342529,0.8412486426491878,0.6279615759849548,,,
76,14,inter_node,4,8,1,2,0.5850057005882263,0.9918607207706064,0.5846946835517883,,,
76,14,inter_node,4,12,1,3,0.593003511428833,0.5042352453715291,0.5927255749702454,,,
76,14,inter_node,8,12,2,3,0.47829383611679077,0.9959648322299871,0.47765931487083435,,,
76,14,inter_node,1,5,0,1,0.7224028706550598,0.9311186424749891,0.7220243811607361,,,
76,14,inter_node,1,9,0,2,-0.6492016315460205,0.8764588611689321,-0.6485474109649658,,,
76,14,inter_node,1,13,0,3,0.7992033362388611,0.02672125301279312,0.7988855242729187,,,
76,14,inter_node,5,9,1,2,-0.6977422833442688,0.44244194139087284,-0.6973475813865662,,,
76,14,inter_node,5,13,1,3,0.8245112895965576,0.9292275129419668,0.824293315410614,,,
76,14,inter_node,9,13,2,3,-0.658133864402771,0.873067053797804,-0.6576253175735474,,,
76,14,inter_node,2,6,0,1,-0.4658345878124237,0.5629311887274178,-0.46539047360420227,,,
76,14,inter_node,2,10,0,2,-0.7834287881851196,0.9941510590954642,-0.7833291292190552,,,
76,14,inter_node,2,14,0,3,0.6022583246231079,0.9898604305039715,0.6021067500114441,,,
76,14,inter_node,6,10,1,2,0.6140928864479065,0.997443610351651,0.6134167313575745,,,
76,14,inter_node,6,14,1,3,-0.5228050351142883,0.9955683104135551,-0.5226432085037231,,,
76,14,inter_node,10,14,2,3,-0.6530245542526245,0.4231568799023643,-0.6529304385185242,,,
76,14,inter_node,3,7,0,1,-0.6658543944358826,0.7557649866943141,-0.6652068495750427,,,
76,14,inter_node,3,11,0,2,0.46325257420539856,0.9875437391834901,0.4630184471607208,,,
76,14,inter_node,3,15,0,3,0.6107438206672668,0.9922517222440586,0.6104603409767151,,,
76,14,inter_node,7,11,1,2,-0.5238961577415466,0.9489988734706127,-0.5237544178962708,,,
76,14,inter_node,7,15,1,3,-0.6330283880233765,0.968275319533143,-0.6327918171882629,,,
76,14,inter_node,11,15,2,3,0.6871771216392517,0.3779611819245428,0.6870684027671814,,,
76,14,cluster_edge,0,15,0,3,0.8309496641159058,0.13936615956250387,0.8308507204055786,,,
76,14,cluster_edge,1,14,0,3,-0.6381747722625732,0.9646311633988394,-0.6381778717041016,,,
76,14,cluster_edge,2,13,0,3,-0.5872476100921631,0.7209795842207479,-0.5869532823562622,,,
76,14,cluster_edge,3,12,0,3,0.48264530301094055,0.957994500625678,0.48201343417167664,,,
76,14,global_diversity,-1,-1,-1,-1,0.02136015146970749,0.8207396268844604,0.02139543741941452,120,4,
77,14,intra_node,0,1,0,0,-0.6916280388832092,0.9942222539468938,-0.6912143230438232,,,
77,14,intra_node,0,2,0,0,0.6019295454025269,0.9991535778205677,0.6015137434005737,,,
77,14,intra_node,0,3,0,0,0.8148283958435059,0.8070827304199241,0.8147481679916382,,,
77,14,intra_node,1,2,0,0,-0.7105647325515747,0.8535030491730748,-0.710300624370575,,,
77,14,intra_node,1,3,0,0,-0.7482339143753052,0.9700506540151503,-0.7480440139770508,,,
77,14,intra_node,2,3,0,0,0.6522042751312256,0.995612512133959,0.6519577503204346,,,
77,14,intra_node,4,5,1,1,-0.5729227066040039,0.8272290564544149,-0.5725477337837219,,,
77,14,intra_node,4,6,1,1,0.5895563364028931,0.11275924610285992,0.5896658897399902,,,
77,14,intra_node,4,7,1,1,0.7511983513832092,0.8532672244895292,0.7510049343109131,,,
77,14,intra_node,5,6,1,1,-0.5152958631515503,0.8467105777970948,-0.5158352255821228,,,
77,14,intra_node,5,7,1,1,-0.7375116348266602,0.15070918466243297,-0.7372007966041565,,,
77,14,intra_node,6,7,1,1,0.702375590801239,0.8698127016346701,0.7026450634002686,,,
77,14,intra_node,8,9,2,2,0.6451608538627625,0.801990709725143,0.6443014740943909,,,
77,14,intra_node,8,10,2,2,0.6779360771179199,0.8752701025541937,0.6774626970291138,,,
77,14,intra_node,8,11,2,2,-0.8329693675041199,0.9607991684369933,-0.8326167464256287,,,
77,14,intra_node,9,10,2,2,0.6556633710861206,0.9753023215307002,0.6551515460014343,,,
77,14,intra_node,9,11,2,2,-0.663664698600769,0.9922378711640248,-0.6629515886306763,,,
77,14,intra_node,10,11,2,2,-0.7041110396385193,0.6857142323873149,-0.7036936283111572,,,
77,14,intra_node,12,13,3,3,0.7094175219535828,0.6772909242175238,0.7092052698135376,,,
77,14,intra_node,12,14,3,3,-0.7103800177574158,0.9355206392021026,-0.7101784348487854,,,
77,14,intra_node,12,15,3,3,-0.5938004851341248,0.5709549732375873,-0.5935482382774353,,,
77,14,intra_node,13,14,3,3,-0.8028262853622437,0.8001935314600197,-0.8025532364845276,,,
77,14,intra_node,13,15,3,3,-0.6927998065948486,0.2478433365895208,-0.6925615072250366,,,
77,14,intra_node,14,15,3,3,0.6560850143432617,0.8497142332951375,0.6558099389076233,,,
77,14,inter_node,0,4,0,1,0.7285242080688477,0.6521091412323585,0.7283269166946411,,,
77,14,inter_node,0,8,0,2,-0.602330207824707,0.964621253405642,-0.6015019416809082,,,
77,14,inter_node,0,12,0,3,-0.6240042448043823,0.9977049594813794,-0.6237100958824158,,,
77,14,inter_node,4,8,1,2,-0.57037353515625,0.8983050410704017,-0.5699830055236816,,,
77,14,inter_node,4,12,1,3,-0.6656171083450317,0.9934029869978461,-0.6654043197631836,,,
77,14,inter_node,8,12,2,3,0.7035143375396729,0.9351294000057475,0.7033724188804626,,,
77,14,inter_node,1,5,0,1,0.7836208939552307,0.9038731464274297,0.78338223695755,,,
77,14,inter_node,1,9,0,2,0.6752651333808899,0.967662862438819,0.6748104095458984,,,
77,14,inter_node,1,13,0,3,0.8487310409545898,0.18758249635418656,0.8485518097877502,,,
77,14,inter_node,5,9,1,2,0.730527400970459,0.6635993340116114,0.7298392653465271,,,
77,14,inter_node,5,13,1,3,0.8119539022445679,0.8816780126705905,0.8117226362228394,,,
77,14,inter_node,9,13,2,3,0.7022098898887634,0.960196404661317,0.7017548680305481,,,
77,14,inter_node,2,6,0,1,0.5455988049507141,0.9978413337583658,0.5457197427749634,,,
77,14,inter_node,2,10,0,2,-0.6385073661804199,0.8081887713830072,-0.6381688117980957,,,
77,14,inter_node,2,14,0,3,0.7269836664199829,0.976219696056711,0.7267264127731323,,,
77,14,inter_node,6,10,1,2,-0.4942798316478729,0.988745881785969,-0.49445512890815735,,,
77,14,inter_node,6,14,1,3,0.7227122187614441,0.9092246151780846,0.7231575846672058,,,
77,14,inter_node,10,14,2,3,-0.6519033908843994,0.8760223574253135,-0.6514319777488708,,,
77,14,inter_node,3,7,0,1,0.8709158301353455,0.7353943926699176,0.8708325028419495,,,
77,14,inter_node,3,11,0,2,0.7253138422966003,0.9928110309192404,0.7251313924789429,,,
77,14,inter_node,3,15,0,3,0.6659700274467468,0.9722721383448781,0.6657561659812927,,,
77,14,inter_node,7,11,1,2,0.7190344333648682,0.9728313804333266,0.7186701893806458,,,
77,14,inter_node,7,15,1,3,0.6835198998451233,0.8952106044354051,0.6832773685455322,,,
77,14,inter_node,11,15,2,3,0.6550834774971008,0.7407312121585246,0.6548163294792175,,,
77,14,cluster_edge,0,15,0,3,0.6019330620765686,0.9946508166381998,0.6015967726707458,,,
77,14,cluster_edge,1,14,0,3,-0.803953230381012,0.8376737276164634,-0.8037057518959045,,,
77,14,cluster_edge,2,13,0,3,-0.7328873872756958,0.880983312917466,-0.7326393127441406,,,
77,14,cluster_edge,3,12,0,3,-0.6850780248641968,0.9881034988541137,-0.6848808526992798,,,
77,14,global_diversity,-1,-1,-1,-1,-0.014691358432173729,0.7912579774856567,-0.01464921236038208,120,4,
78,14,intra_node,0,1,0,0,0.8550405502319336,0.8386827860303979,0.8547621369361877,,,
78,14,intra_node,0,2,0,0,0.8502932786941528,0.4853882251601176,0.8500164747238159,,,
78,14,intra_node,0,3,0,0,-0.7217193841934204,0.18559697156631821,-0.7214215993881226,,,
78,14,intra_node,1,2,0,0,0.8543533086776733,0.916984262206878,0.8540549278259277,,,
78,14,intra_node,1,3,0,0,-0.6862362027168274,0.8686227724046718,-0.6858946681022644,,,
78,14,intra_node,2,3,0,0,-0.7460207343101501,0.3681116635462166,-0.7457592487335205,,,
78,14,intra_node,4,5,1,1,0.7786454558372498,0.8773463259901572,0.7784208655357361,,,
78,14,intra_node,4,6,1,1,0.7710985541343689,0.9582272570620939,0.7709928154945374,,,
78,14,intra_node,4,7,1,1,0.7009159326553345,0.8806080497882091,0.7006065845489502,,,
78,14,intra_node,5,6,1,1,0.8083368539810181,0.6594252616146344,0.8080118894577026,,,
78,14,intra_node,5,7,1,1,0.7836352586746216,0.026592956341366315,0.7833281755447388,,,
78,14,intra_node,6,7,1,1,0.7550219893455505,0.6501209431305466,0.7546845078468323,,,
78,14,intra_node,8,9,2,2,0.6934921741485596,0.8347556810446825,0.6930938959121704,,,
78,14,intra_node,8,10,2,2,0.775199830532074,0.9239185498175051,0.7748727202415466,,,
78,14,intra_node,8,11,2,2,0.7163481116294861,0.9930671542923228,0.7163830399513245,,,
78,14,intra_node,9,10,2,2,0.645464301109314,0.9874279725794607,0.6450543403625488,,,
78,14,intra_node,9,11,2,2,0.5336195230484009,0.9988543866326126,0.5333885550498962,,,
78,14,intra_node,10,11,2,2,0.7193440198898315,0.9088760047153742,0.7192619442939758,,,
78,14,intra_node,12,13,3,3,0.7233997583389282,0.9667810146042128,0.7234923839569092,,,
78,14,intra_node,12,14,3,3,-0.6294869184494019,0.6180210005006005,-0.6289501786231995,,,
78,14,intra_node,12,15,3,3,0.7013078331947327,0.6671256532255415,0.7010261416435242,,,
78,14,intra_node,13,14,3,3,-0.5070619583129883,0.987311045194132,-0.5071452856063843,,,
78,14,intra_node,13,15,3,3,0.7195638418197632,0.988942251935867,0.7195931673049927,,,
78,14,intra_node,14,15,3,3,-0.6003350019454956,0.12855327855535206,-0.5998952388763428,,,
78,14,inter_node,0,4,0,1,0.7946547269821167,0.9217061327520681,0.7944555878639221,,,
78,14,inter_node,0,8,0,2,0.8326759338378906,0.6171008246777119,0.8323547840118408,,,
78,14,inter_node,0,12,0,3,-0.5902034044265747,0.7683919608785359,-0.5896372199058533,,,
78,14,inter_node,4,8,1,2,0.7912998795509338,0.9700213427979743,0.7911199331283569,,,
78,14,inter_node,4,12,1,3,-0.6483145356178284,0.6619553123245799,-0.6479631066322327,,,
78,14,inter_node,8,12,2,3,-0.5784569382667542,0.9113174728223792,-0.5778367519378662,,,
78,14,inter_node,1,5,0,1,0.8061839938163757,0.8970259257433358,0.8058356046676636,,,
78,14,inter_node,1,9,0,2,0.7208190560340881,0.6077795301708661,0.720465362071991,,,
78,14,inter_node,1,13,0,3,-0.5375168323516846,0.11089711165388684,-0.5376386046409607,,,
78,14,inter_node,5,9,1,2,0.6878126859664917,0.959611460214831,0.6874227523803711,,,
78,14,inter_node,5,13,1,3,-0.5957265496253967,0.9084454531536328,-0.5958094000816345,,,
78,14,inter_node,9,13,2,3,-0.37294796109199524,0.558858176066965,-0.372816801071167,,,
78,14,inter_node,2,6,0,1,0.8606206178665161,0.7254351312711035,0.860344409942627,,,
78,14,inter_node,2,10,0,2,0.8508130311965942,0.6138868151564484,0.850607693195343,,,
78,14,inter_node,2,14,0,3,0.594662070274353,0.8280851480960356,0.5938262343406677,,,
78,14,inter_node,6,10,1,2,0.8061177730560303,0.8939868840889341,0.8059074878692627,,,
78,14,inter_node,6,14,1,3,0.5977063179016113,0.9527982212544404,0.596656322479248,,,
78,14,inter_node,10,14,2,3,0.5534039735794067,0.5547552928719018,0.5526901483535767,,,
78,14,inter_node,3,7,0,1,-0.6873309016227722,0.19478228868546585,-0.6870058178901672,,,
78,14,inter_node,3,11,0,2,-0.8006128668785095,0.9777675295357369,-0.8005528450012207,,,
78,14,inter_node,3,15,0,3,0.6537034511566162,0.9053338801078038,0.6534058451652527,,,
78,14,inter_node,7,11,1,2,0.702892005443573,0.9723894914979352,0.7027989029884338,,,
78,14,inter_node,7,15,1,3,-0.6395596265792847,0.8824341310902714,-0.6392032504081726,,,
78,14,inter_node,11,15,2,3,-0.6349936127662659,0.7651486034329813,-0.6348305344581604,,,
78,14,cluster_edge,0,15,0,3,-0.6032961010932922,0.9229036252697294,-0.6028696894645691,,,
78,14,cluster_edge,1,14,0,3,0.5876307487487793,0.9857283617315971,0.5867143273353577,,,
78,14,cluster_edge,2,13,0,3,-0.6192357540130615,0.9261904677499516,-0.6193966269493103,,,
78,14,cluster_edge,3,12,0,3,0.6196709275245667,0.7156100468254529,0.6192894577980042,,,
78,14,global_diversity,-1,-1,-1,-1,0.19083057343959808,0.760089099407196,0.1907515525817871,120,4,
79,14,intra_node,0,1,0,0,-0.6640297174453735,0.5030635438213626,-0.6633152365684509,,,
79,14,intra_node,0,2,0,0,-0.6408982872962952,0.8680380988149039,-0.6405741572380066,,,
79,14,intra_node,0,3,0,0,0.7178105115890503,0.8446566773434322,0.7171792984008789,,,
79,14,intra_node,1,2,0,0,0.7980824708938599,0.7344491442631073,0.797932505607605,,,
79,14,intra_node,1,3,0,0,-0.7982995510101318,0.9228042397480306,-0.7979215383529663,,,
79,14,intra_node,2,3,0,0,-0.7598155736923218,0.9795005998058295,-0.7596266269683838,,,
79,14,intra_node,4,5,1,1,0.8594517111778259,0.11262744702095799,0.8592596650123596,,,
79,14,intra_node,4,6,1,1,0.6218042373657227,0.8705157754990193,0.6215418577194214,,,
79,14,intra_node,4,7,1,1,-0.6576926708221436,0.7230308455918444,-0.6572895050048828,,,
79,14,intra_node,5,6,1,1,0.6497226357460022,0.8540813279988401,0.6495267152786255,,,
79,14,intra_node,5,7,1,1,-0.6695164442062378,0.7542251743563885,-0.6690757274627686,,,
79,14,intra_node,6,7,1,1,-0.643437385559082,0.9641368638307676,-0.6431979537010193,,,
79,14,intra_node,8,9,2,2,-0.7751843929290771,0.9844317372046921,-0.774685263633728,,,
79,14,intra_node,8,10,2,2,0.6724790930747986,0.9892598020451467,0.6718392372131348,,,
79,14,intra_node,8,11,2,2,0.6361353993415833,0.9662285411179269,0.6362614631652832,,,
79,14,intra_node,9,10,2,2,-0.7030609846115112,0.3101222598779467,-0.7025454044342041,,,
79,14,intra_node,9,11,2,2,-0.5964272022247314,0.5390112446823552,-0.5963543057441711,,,
79,14,intra_node,10,11,2,2,0.6724923253059387,0.681974119259785,0.6724548935890198,,,
79,14,intra_node,12,13,3,3,0.7039617300033569,0.9385499659772789,0.7035386562347412,,,
79,14,intra_node,12,14,3,3,-0.6666364669799805,0.9764259065159829,-0.6659694314002991,,,
79,14,intra_node,12,15,3,3,0.6628595590591431,0.5877769045470017,0.6622067093849182,,,
79,14,intra_node,13,14,3,3,-0.7216620445251465,0.616369724461005,-0.7212641835212708,,,
79,14,intra_node,13,15,3,3,0.7853080034255981,0.8509301523846141,0.7850131988525391,,,
79,14,intra_node,14,15,3,3,-0.6665632724761963,0.9428122932847535,-0.6659007668495178,,,
79,14,inter_node,0,4,0,1,0.757075846195221,0.8646443777044094,0.7567114233970642,,,
79,14,inter_node,0,8,0,2,0.7417147755622864,0.9252267214400719,0.7409776449203491,,,
79,14,inter_node,0,12,0,3,-0.6901309490203857,0.7822248987664151,-0.6894376277923584,,,
79,14,inter_node,4,8,1,2,0.8358840942382812,0.4475790713987655,0.8356983661651611,,,
79,14,inter_node,4,12,1,3,-0.7057603597640991,0.9705229156520429,-0.7053099274635315,,,
79,14,inter_node,8,12,2,3,-0.7060673236846924,0.9837162416920446,-0.705396831035614,,,
79,14,inter_node,1,5,0,1,-0.7378237247467041,0.6930487193046196,-0.7373100519180298,,,
79,14,inter_node,1,9,0,2,0.72836834192276,0.8965347315062887,0.727860152721405,,,
79,14,inter_node,1,13,0,3,0.8074564337730408,0.432176915115043,0.807196319103241,,,
79,14,inter_node,5,9,1,2,-0.7768452763557434,0.9682412033283639,-0.7763880491256714,,,
79,14,inter_node,5,13,1,3,-0.7246158719062805,0.45942444246068337,-0.7242206335067749,,,
79,14,inter_node,9,13,2,3,0.766137957572937,0.9412500320654505,0.7658129334449768,,,
79,14,inter_node,2,6,0,1,-0.631164014339447,0.8737622852391566,-0.6309354305267334,,,
79,14,inter_node,2,10,0,2,-0.7726752758026123,0.9810454086202627,-0.7724825143814087,,,
79,14,inter_node,2,14,0,3,-0.6961079835891724,0.17968960820202437,-0.6958356499671936,,,
79,14,inter_node,6,10,1,2,0.6001551747322083,0.8498500118158291,0.5998721718788147,,,
79,14,inter_node,6,14,1,3,0.5883408784866333,0.8964458907448515,0.5880562663078308,,,
79,14,inter_node,10,14,2,3,0.6503677368164062,0.9844513517189171,0.6497458219528198,,,
79,14,inter_node,3,7,0,1,-0.7793750762939453,0.9941762825638605,-0.7791064977645874,,,
79,14,inter_node,3,11,0,2,0.6816927194595337,0.6560548486227756,0.6817171573638916,,,
79,14,inter_node,3,15,0,3,-0.761504590511322,0.7059530453173373,-0.7610411643981934,,,
79,14,inter_node,7,11,1,2,-0.6399112939834595,0.9830678891305193,-0.6397971510887146,,,
79,14,inter_node,7,15,1,3,0.789047122001648,0.9801946004085488,0.7887924909591675,,,
79,14,inter_node,11,15,2,3,-0.6379802823066711,0.145076028822501,-0.6379509568214417,,,
79,14,cluster_edge,0,15,0,3,-0.7497300505638123,0.4717057252838574,-0.7491822242736816,,,
79,14,cluster_edge,1,14,0,3,-0.7348265647888184,0.7821658734881818,-0.7343189120292664,,,
79,14,cluster_edge,2,13,0,3,0.8023871183395386,0.5323352241117596,0.8022175431251526,,,
79,14,cluster_edge,3,12,0,3,-0.7115871906280518,0.28668005765293175,-0.7110230326652527,,,
79,14,global_diversity,-1,-1,-1,-1,-0.02744017355144024,0.7391614317893982,-0.02739725075662136,120,4,
80,14,intra_node,0,1,0,0,-0.5886833667755127,0.9847392088330824,-0.5887001156806946,,,
80,14,intra_node,0,2,0,0,0.7277199625968933,0.8670560551579289,0.7281545400619507,,,
80,14,intra_node,0,3,0,0,-0.7546259164810181,0.03413435048823665,-0.7546461224555969,,,
80,14,intra_node,1,2,0,0,-0.6581989526748657,0.9979711702208589,-0.657141387462616,,,
80,14,intra_node,1,3,0,0,0.7277177572250366,0.9841998820699009,0.7272483110427856,,,
80,14,intra_node,2,3,0,0,-0.7890889644622803,0.871594010366457,-0.7888021469116211,,,
80,14,intra_node,4,5,1,1,-0.6258807182312012,0.8338277360145315,-0.6255101561546326,,,
80,14,intra_node,4,6,1,1,0.7904692888259888,0.8932597578441602,0.7902849316596985,,,
80,14,intra_node,4,7,1,1,0.8169962763786316,0.7455538258112491,0.8168612718582153,,,
80,14,intra_node,5,6,1,1,-0.5678578615188599,0.3576530788244295,-0.5672082901000977,,,
80,14,intra_node,5,7,1,1,-0.7449212074279785,0.9577181031726144,-0.74440598487854,,,
80,14,intra_node,6,7,1,1,0.7562118172645569,0.9728403537514657,0.7558960914611816,,,
80,14,intra_node,8,9,2,2,-0.6509357690811157,0.998304535828985,-0.6505228281021118,,,
80,14,intra_node,8,10,2,2,-0.49832963943481445,0.9073103263279303,-0.498471200466156,,,
80,14,intra_node,8,11,2,2,-0.5541906356811523,0.945685974051475,-0.5534195303916931,,,
80,14,intra_node,9,10,2,2,0.7100945711135864,0.9817081654962624,0.7101263403892517,,,
80,14,intra_node,9,11,2,2,0.6533644795417786,0.968784045347296,0.6529865860939026,,,
80,14,intra_node,10,11,2,2,0.6532654166221619,0.4140229024790339,0.6533141136169434,,,
80,14,intra_node,12,13,3,3,0.7144625782966614,0.9798207532181866,0.7138649225234985,,,
80,14,intra_node,12,14,3,3,0.6797493100166321,0.8437205979757526,0.6803070902824402,,,
80,14,intra_node,12,15,3,3,0.7827545404434204,0.8160571986626812,0.7825524806976318,,,
80,14,intra_node,13,14,3,3,0.6344084143638611,0.8708771180306765,0.6348075270652771,,,
80,14,intra_node,13,15,3,3,0.6215254068374634,0.9962881728180761,0.6210688948631287,,,
80,14,intra_node,14,15,3,3,0.6390237212181091,0.9712535290003389,0.6391797661781311,,,
80,14,inter_node,0,4,0,1,0.8403127193450928,0.516178994287999,0.8402937054634094,,,
80,14,inter_node,0,8,0,2,-0.6879202723503113,0.9757974345097254,-0.6881293058395386,,,
80,14,inter_node,0,12,0,3,0.8028932809829712,0.7824420383127836,0.803138017654419,,,
80,14,inter_node,4,8,1,2,-0.7424586415290833,0.9882902904236848,-0.7423238158226013,,,
80,14,inter_node,4,12,1,3,0.7869384288787842,0.894740888175838,0.7868112921714783,,,
80,14,inter_node,8,12,2,3,-0.6462744474411011,0.8887534829680439,-0.6453591585159302,,,
80,14,inter_node,1,5,0,1,0.7087769508361816,0.9555672459816484,0.7080090641975403,,,
80,14,inter_node,1,9,0,2,-0.6105579733848572,0.9989309346294198,-0.6100627183914185,,,
80,14,inter_node,1,13,0,3,-0.7090052366256714,0.9985845093020053,-0.7083634734153748,,,
80,14,inter_node,5,9,1,2,-0.6994137167930603,0.9759397004709953,-0.6990748047828674,,,
80,14,inter_node,5,13,1,3,-0.6677999496459961,0.968143079823274,-0.6670768857002258,,,
80,14,inter_node,9,13,2,3,0.6863120794296265,0.2447386817203168,0.6859409213066101,,,
80,14,inter_node,2,6,0,1,0.6794811487197876,0.9706700025462676,0.6790812611579895,,,
80,14,inter_node,2,10,0,2,0.6217168569564819,0.9652864833362205,0.62220299243927,,,
80,14,inter_node,2,14,0,3,0.6694293022155762,0.814927538217665,0.670366644859314,,,
80,14,inter_node,6,10,1,2,0.6768999695777893,0.15508423598189458,0.6769380569458008,,,
80,14,inter_node,6,14,1,3,0.653107225894928,0.8415215469050837,0.6533137559890747,,,
80,14,inter_node,10,14,2,3,0.6758743524551392,0.8124328366874686,0.6758700013160706,,,
80,14,inter_node,3,7,0,1,-0.843380331993103,0.8810957532423455,-0.8431354761123657,,,
80,14,inter_node,3,11,0,2,-0.6226968169212341,0.5386477025762171,-0.6221843361854553,,,
80,14,inter_node,3,15,0,3,-0.6474929451942444,0.9585675078659103,-0.6470978260040283,,,
80,14,inter_node,7,11,1,2,0.6880027651786804,0.9451432525849117,0.6875472068786621,,,
80,14,inter_node,7,15,1,3,0.7137001752853394,0.9950735007315036,0.7133758664131165,,,
80,14,inter_node,11,15,2,3,0.6893133521080017,0.910193376373216,0.6889806985855103,,,
80,14,cluster_edge,0,15,0,3,0.771380603313446,0.9599817790740164,0.7713415622711182,,,
80,14,cluster_edge,1,14,0,3,-0.570499062538147,0.989037646338075,-0.5710201859474182,,,
80,14,cluster_edge,2,13,0,3,0.7063828706741333,0.3023117500798913,0.7057004570960999,,,
80,14,cluster_edge,3,12,0,3,-0.7407038807868958,0.7747533916366214,-0.7402651906013489,,,
80,14,global_diversity,-1,-1,-1,-1,0.1643475443124771,0.7805612683296204,0.16440443694591522,120,4,
81,14,intra_node,0,1,0,0,0.7008500695228577,0.5614382846122427,0.7007116675376892,,,
81,14,intra_node,0,2,0,0,0.843966543674469,0.09599529601527249,0.8436073660850525,,,
81,14,intra_node,0,3,0,0,0.6114954352378845,0.9688034632461466,0.6109670400619507,,,
81,14,intra_node,1,2,0,0,0.6806901097297668,0.6035381463018561,0.6805253624916077,,,
81,14,intra_node,1,3,0,0,0.7320164442062378,0.9288662560837743,0.7318370342254639,,,
81,14,intra_node,2,3,0,0,0.5757942199707031,0.9717981840264841,0.5752052664756775,,,
81,14,intra_node,4,5,1,1,0.7086414098739624,0.9276894769565692,0.708138644695282,,,
81,14,intra_node,4,6,1,1,-0.8075360059738159,0.9207188381129856,-0.8072985410690308,,,
81,14,intra_node,4,7,1,1,-0.7392387390136719,0.9787494022723412,-0.7389578223228455,,,
81,14,intra_node,5,6,1,1,-0.622101366519928,0.08792301572872571,-0.6216096878051758,,,
81,14,intra_node,5,7,1,1,-0.5413777232170105,0.7061202597733195,-0.5408449172973633,,,
81,14,intra_node,6,7,1,1,0.680295467376709,0.7319590527956238,0.6799550652503967,,,
81,14,intra_node,8,9,2,2,-0.6123812198638916,0.5574460072727805,-0.6118512749671936,,,
81,14,intra_node,8,10,2,2,-0.8047323822975159,0.9502187966121572,-0.8044630885124207,,,
81,14,intra_node,8,11,2,2,0.7999897003173828,0.983530815841767,0.7998093366622925,,,
81,14,intra_node,9,10,2,2,0.651086688041687,0.8875138306151793,0.6505764126777649,,,
81,14,intra_node,9,11,2,2,-0.5844953060150146,0.9627860454794627,-0.5840758681297302,,,
81,14,intra_node,10,11,2,2,-0.7162953615188599,0.6691686211375323,-0.7160232663154602,,,
81,14,intra_node,12,13,3,3,0.7885671854019165,0.7907262726612023,0.7882812023162842,,,
81,14,intra_node,12,14,3,3,-0.6573253870010376,0.34932669526255206,-0.6567920446395874,,,
81,14,intra_node,12,15,3,3,0.8050023317337036,0.6661461597399335,0.8046985864639282,,,
81,14,intra_node,13,14,3,3,-0.5860851407051086,0.6783735773158216,-0.5855405330657959,,,
81,14,intra_node,13,15,3,3,0.76484614610672,0.9301331624624044,0.7645384073257446,,,
81,14,intra_node,14,15,3,3,-0.7121278047561646,0.7827702184586945,-0.7117076516151428,,,
81,14,inter_node,0,4,0,1,0.8248800039291382,0.9506992805401975,0.824467658996582,,,
81,14,inter_node,0,8,0,2,-0.8162421584129333,0.9248811212740755,-0.8159809112548828,,,
81,14,inter_node,0,12,0,3,0.8591259717941284,0.35967082214053603,0.8588683009147644,,,
81,14,inter_node,4,8,1,2,-0.8852344751358032,0.3436973461800593,-0.8851078748703003,,,
81,14,inter_node,4,12,1,3,0.812919020652771,0.9684313108404246,0.8125671744346619,,,
81,14,inter_node,8,12,2,3,-0.7969393134117126,0.951899190143704,-0.7966479659080505,,,
81,14,inter_node,1,5,0,1,0.7424949407577515,0.356751232558179,0.7423372268676758,,,
81,14,inter_node,1,9,0,2,0.7061284780502319,0.6129633281314208,0.7059338688850403,,,
81,14,inter_node,1,13,0,3,0.6539024710655212,0.9412309435365349,0.6536559462547302,,,
81,14,inter_node,5,9,1,2,0.7341216802597046,0.7510391378657519,0.7337371706962585,,,
81,14,inter_node,5,13,1,3,0.701966404914856,0.9086371254200958,0.7015759348869324,,,
81,14,inter_node,9,13,2,3,0.6012892723083496,0.9772542199775238,0.6007664799690247,,,
81,14,inter_node,2,6,0,1,-0.7437440752983093,0.4378477655889055,-0.7433885931968689,,,
81,14,inter_node,2,10,0,2,0.8329747915267944,0.26692973521328694,0.832703173160553,,,
81,14,inter_node,2,14,0,3,-0.6919446587562561,0.5391117983776892,-0.6914147734642029,,,
81,14,inter_node,6,10,1,2,-0.7387357950210571,0.5879029126698165,-0.7383951544761658,,,
81,14,inter_node,6,14,1,3,0.7668216824531555,0.7409106676443069,0.7665208578109741,,,
81,14,inter_node,10,14,2,3,-0.6953567266464233,0.3712905518594369,-0.6949096322059631,,,
81,14,inter_node,3,7,0,1,-0.5133376121520996,0.9865530349188353,-0.5128458142280579,,,
81,14,inter_node,3,11,0,2,-0.6276325583457947,0.9931604209539275,-0.6272965669631958,,,
81,14,inter_node,3,15,0,3,0.6111228466033936,0.940165274971537,0.6106517314910889,,,
81,14,inter_node,7,11,1,2,0.7429903149604797,0.4913663414168629,0.7427662014961243,,,
81,14,inter_node,7,15,1,3,-0.6153407692909241,0.7752648637598305,-0.614895761013031,,,
81,14,inter_node,11,15,2,3,-0.7372722625732422,0.8856921454419828,-0.7370240092277527,,,
81,14,cluster_edge,0,15,0,3,0.8015742301940918,0.4786215406018264,0.8012466430664062,,,
81,14,cluster_edge,1,14,0,3,-0.598369300365448,0.8172754092372148,-0.5980667471885681,,,
81,14,cluster_edge,2,13,0,3,0.80366450548172,0.8517661764548718,0.803407609462738,,,
81,14,cluster_edge,3,12,0,3,0.5553362965583801,0.9800239472683425,0.5547659993171692,,,
81,14,global_diversity,-1,-1,-1,-1,0.08774135261774063,0.7068232297897339,0.08772946149110794,120,4,
82,14,intra_node,0,1,0,0,0.6848193407058716,0.794438340045831,0.684302568435669,,,
82,14,intra_node,0,2,0,0,-0.6408979296684265,0.7470545244134968,-0.6405494213104248,,,
82,14,intra_node,0,3,0,0,0.7168662548065186,0.6289228057164095,0.716318666934967,,,
82,14,intra_node,1,2,0,0,-0.6866542100906372,0.9480041081605417,-0.6863604784011841,,,
82,14,intra_node,1,3,0,0,0.6803023219108582,0.4460407076456674,0.6796747446060181,,,
82,14,intra_node,2,3,0,0,-0.7238408327102661,0.9061377026126319,-0.7236566543579102,,,
82,14,intra_node,4,5,1,1,0.802410364151001,0.9583239155934216,0.8022856116294861,,,
82,14,intra_node,4,6,1,1,-0.5735801458358765,0.9834959677800315,-0.5732676982879639,,,
82,14,intra_node,4,7,1,1,-0.6441280841827393,0.9779450714164585,-0.6438686847686768,,,
82,14,intra_node,5,6,1,1,-0.6897953152656555,0.6039927345630536,-0.6895413398742676,,,
82,14,intra_node,5,7,1,1,-0.7424701452255249,0.4708013265262468,-0.7422705888748169,,,
82,14,intra_node,6,7,1,1,0.7716315984725952,0.2516850754037513,0.7713638544082642,,,
82,14,intra_node,8,9,2,2,0.8013748526573181,0.9355826141042154,0.8010948896408081,,,
82,14,intra_node,8,10,2,2,-0.8163515329360962,0.9582952839210976,-0.8161321878433228,,,
82,14,intra_node,8,11,2,2,-0.7742792963981628,0.9953345545164788,-0.7740515470504761,,,
82,14,intra_node,9,10,2,2,-0.7255932688713074,0.3525860216312897,-0.7252236604690552,,,
82,14,intra_node,9,11,2,2,-0.6766890287399292,0.9275747468071898,-0.6763349175453186,,,
82,14,intra_node,10,11,2,2,0.7704815864562988,0.8881314651634489,0.7702556848526001,,,
82,14,intra_node,12,13,3,3,0.6047853231430054,0.20562694053649183,0.6041293144226074,,,
82,14,intra_node,12,14,3,3,0.6217441558837891,0.3111185502831346,0.6213186383247375,,,
82,14,intra_node,12,15,3,3,0.5937996506690979,0.6545686201163332,0.593364417552948,,,
82,14,intra_node,13,14,3,3,0.6405930519104004,0.4527711351807568,0.6401374936103821,,,
82,14,intra_node,13,15,3,3,0.8371968269348145,0.5651521967311441,0.8371016979217529,,,
82,14,intra_node,14,15,3,3,0.6324865818023682,0.7620387302480424,0.6321380734443665,,,
82,14,inter_node,0,4,0,1,0.6827830672264099,0.991477670822562,0.6825625896453857,,,
82,14,inter_node,0,8,0,2,-0.7818657159805298,0.7387013376249243,-0.7815595865249634,,,
82,14,inter_node,0,12,0,3,0.6455751657485962,0.47980633378257403,0.6450585126876831,,,
82,14,inter_node,4,8,1,2,-0.7726709246635437,0.9977731267856154,-0.7725256085395813,,,
82,14,inter_node,4,12,1,3,0.5786676406860352,0.9955667383404768,0.5783395767211914,,,
82,14,inter_node,8,12,2,3,-0.6211482286453247,0.4976896503275371,-0.6206563115119934,,,
82,14,inter_node,1,5,0,1,0.7167784571647644,0.9579647618691962,0.7165421843528748,,,
82,14,inter_node,1,9,0,2,-0.8558716773986816,0.9493233350133337,-0.8556149005889893,,,
82,14,inter_node,1,13,0,3,0.6695060729980469,0.6860925933343853,0.6688751578330994,,,
82,14,inter_node,5,9,1,2,-0.7923803329467773,0.17052082764594342,-0.7922950983047485,,,
82,14,inter_node,5,13,1,3,0.7695347666740417,0.8660903271531236,0.7694251537322998,,,
82,14,inter_node,9,13,2,3,-0.7918172478675842,0.8385617417410957,-0.7913302779197693,,,
82,14,inter_node,2,6,0,1,0.7042028307914734,0.5101550066821194,0.7039479613304138,,,
82,14,inter_node,2,10,0,2,-0.6493454575538635,0.36901204828304734,-0.6490310430526733,,,
82,14,inter_node,2,14,0,3,-0.5709586143493652,0.9093565418898166,-0.5705901980400085,,,
82,14,inter_node,6,10,1,2,-0.659540057182312,0.6909137110075462,-0.659174382686615,,,
82,14,inter_node,6,14,1,3,-0.6195236444473267,0.8149548135702572,-0.6191413402557373,,,
82,14,inter_node,10,14,2,3,0.5808385610580444,0.9428050700305141,0.5803958177566528,,,
82,14,inter_node,3,7,0,1,-0.8342690467834473,0.8566106442854295,-0.8339472413063049,,,
82,14,inter_node,3,11,0,2,0.6902499198913574,0.9933744765305266,0.6899347305297852,,,
82,14,inter_node,3,15,0,3,0.7858626246452332,0.7535884890779044,0.7857100367546082,,,
82,14,inter_node,7,11,1,2,-0.6766918301582336,0.953793477650725,-0.6763348579406738,,,
82,14,inter_node,7,15,1,3,-0.7984235286712646,0.41808986447916446,-0.7982239127159119,,,
82,14,inter_node,11,15,2,3,0.7306262254714966,0.9731119563177868,0.7303829789161682,,,
82,14,cluster_edge,0,15,0,3,0.7313801646232605,0.33595619801474785,0.7310901284217834,,,
82,14,cluster_edge,1,14,0,3,0.6301271319389343,0.42636906266027774,0.6296817660331726,,,
82,14,cluster_edge,2,13,0,3,-0.6827636361122131,0.8343591430614246,-0.6824890375137329,,,
82,14,cluster_edge,3,12,0,3,0.6051014065742493,0.28665568540680586,0.6044285893440247,,,
82,14,global_diversity,-1,-1,-1,-1,0.05718224495649338,0.7248581647872925,0.057155609130859375,120,4,
83,14,intra_node,0,1,0,0,0.6014623045921326,0.8424620368019134,0.6007919311523438,,,
83,14,intra_node,0,2,0,0,0.8391364812850952,0.5404560297899841,0.838819146156311,,,
83,14,intra_node,0,3,0,0,-0.6234219670295715,0.5723892201125631,-0.6229654550552368,,,
83,14,intra_node,1,2,0,0,0.6368152499198914,0.6571863120604319,0.6361126899719238,,,
83,14,intra_node,1,3,0,0,-0.6093881726264954,0.9326350686949878,-0.6089286804199219,,,
83,14,intra_node,2,3,0,0,-0.6804690957069397,0.803494044505926,-0.6801014542579651,,,
83,14,intra_node,4,5,1,1,0.7707597613334656,0.45326127911992015,0.7705340385437012,,,
83,14,intra_node,4,6,1,1,-0.645586371421814,0.8054208543136105,-0.645054042339325,,,
83,14,intra_node,4,7,1,1,-0.6281570792198181,0.4853310223943681,-0.6276633739471436,,,
83,14,intra_node,5,6,1,1,-0.7845666408538818,0.6441094470624334,-0.7843838930130005,,,
83,14,intra_node,5,7,1,1,-0.7102988362312317,0.7186105415072384,-0.709997832775116,,,
83,14,intra_node,6,7,1,1,0.791756808757782,0.8998561500262087,0.791412353515625,,,
83,14,intra_node,8,9,2,2,-0.6419554352760315,0.7558250629175978,-0.6416763067245483,,,
83,14,intra_node,8,10,2,2,0.7213416695594788,0.809387429896138,0.7212805151939392,,,
83,14,intra_node,8,11,2,2,-0.5437844395637512,0.24160674343194027,-0.543434202671051,,,
83,14,intra_node,9,10,2,2,-0.7931313514709473,0.21936062569953424,-0.7929999828338623,,,
83,14,intra_node,9,11,2,2,0.7886640429496765,0.8148193742937759,0.7884592413902283,,,
83,14,intra_node,10,11,2,2,-0.7459913492202759,0.8554407122161245,-0.745801568031311,,,
83,14,intra_node,12,13,3,3,-0.7509268522262573,0.9399407304493058,-0.7505617737770081,,,
83,14,intra_node,12,14,3,3,-0.47387781739234924,0.8037842584148204,-0.4736310541629791,,,
83,14,intra_node,12,15,3,3,-0.8241032958030701,0.29871193848477134,-0.8238488435745239,,,
83,14,intra_node,13,14,3,3,0.4985174238681793,0.6939120731828661,0.4984438121318817,,,
83,14,intra_node,13,15,3,3,0.8756375312805176,0.9578811512807731,0.8755335807800293,,,
83,14,intra_node,14,15,3,3,0.4711187481880188,0.8623962429449563,0.47087058424949646,,,
83,14,inter_node,0,4,0,1,-0.6594974398612976,0.19053088004060717,-0.6590113639831543,,,
83,14,inter_node,0,8,0,2,0.6244262456893921,0.0834091571193479,0.6241065263748169,,,
83,14,inter_node,0,12,0,3,-0.7464100122451782,0.7875938044762784,-0.7460187077522278,,,
83,14,inter_node,4,8,1,2,-0.615186333656311,0.25804801705056046,-0.6148691773414612,,,
83,14,inter_node,4,12,1,3,0.7754045724868774,0.8280637438354903,0.7751145362854004,,,
83,14,inter_node,8,12,2,3,-0.6178581714630127,0.7682649819452988,-0.6175355911254883,,,
83,14,inter_node,1,5,0,1,-0.5681229829788208,0.766758578531114,-0.5676448941230774,,,
83,14,inter_node,1,9,0,2,-0.6055952310562134,0.29610378881846033,-0.6051161289215088,,,
83,14,inter_node,1,13,0,3,0.6211129426956177,0.9554550893732074,0.620337724685669,,,
83,14,inter_node,5,9,1,2,0.7962579131126404,0.6686423115172423,0.7960684895515442,,,
83,14,inter_node,5,13,1,3,-0.7453732490539551,0.8090180108393191,-0.7452616691589355,,,
83,14,inter_node,9,13,2,3,-0.7546883821487427,0.9367166495298777,-0.7545163035392761,,,
83,14,inter_node,2,6,0,1,0.8344367742538452,0.4769190129822014,0.8340471386909485,,,
83,14,inter_node,2,10,0,2,0.8730789422988892,0.6198106217881599,0.8727150559425354,,,
83,14,inter_node,2,14,0,3,0.4890251159667969,0.5754843182260861,0.4888564944267273,,,
83,14,inter_node,6,10,1,2,0.812887966632843,0.2731730121192428,0.8124344348907471,,,
83,14,inter_node,6,14,1,3,0.4778239130973816,0.7779439181731674,0.47760555148124695,,,
83,14,inter_node,10,14,2,3,0.4674418568611145,0.8386036469052003,0.46727555990219116,,,
83,14,inter_node,3,7,0,1,-0.6369577050209045,0.025729322159515733,-0.6365419626235962,,,
83,14,inter_node,3,11,0,2,0.631513237953186,0.4831914422135886,0.6311631798744202,,,
83,14,inter_node,3,15,0,3,-0.664462149143219,0.9363039837617199,-0.6640759706497192,,,
83,14,inter_node,7,11,1,2,-0.688490629196167,0.4964885760916699,-0.6881462335586548,,,
83,14,inter_node,7,15,1,3,0.8178852796554565,0.9379428390837923,0.8176129460334778,,,
83,14,inter_node,11,15,2,3,-0.8064902424812317,0.8767512354843693,-0.8062883019447327,,,
83,14,cluster_edge,0,15,0,3,0.8199812173843384,0.8510420708873446,0.819687008857727,,,
83,14,cluster_edge,1,14,0,3,0.42156559228897095,0.8544702135429044,0.4212716519832611,,,
83,14,cluster_edge,2,13,0,3,0.8863365650177002,0.8700608750644605,0.8860096335411072,,,
83,14,cluster_edge,3,12,0,3,0.706670880317688,0.909172821079178,0.706344723701477,,,
83,14,global_diversity,-1,-1,-1,-1,0.014380515553057194,0.6077735424041748,0.014381642453372478,120,4,
84,14,intra_node,0,1,0,0,0.7615227103233337,0.7354779400901421,0.7613468766212463,,,
84,14,intra_node,0,2,0,0,-0.651170015335083,0.9709069023090153,-0.6509081721305847,,,
84,14,intra_node,0,3,0,0,-0.6171528697013855,0.974319178910176,-0.6168217658996582,,,
84,14,intra_node,1,2,0,0,-0.7349404096603394,0.8900163649833256,-0.7347078323364258,,,
84,14,intra_node,1,3,0,0,-0.6923008561134338,0.9029161458270238,-0.6919727921485901,,,
84,14,intra_node,2,3,0,0,0.7156386971473694,0.11728818420797399,0.7153405547142029,,,
84,14,intra_node,4,5,1,1,0.7266584634780884,0.9212124763746277,0.7264014482498169,,,
84,14,intra_node,4,6,1,1,-0.8100898861885071,0.9682566240610395,-0.8098959922790527,,,
84,14,intra_node,4,7,1,1,-0.7241861820220947,0.6879463320551946,-0.723937451839447,,,
84,14,intra_node,5,6,1,1,-0.8425180912017822,0.597101489191392,-0.842371940612793,,,
84,14,intra_node,5,7,1,1,-0.6887972950935364,0.7475193156860828,-0.6885185241699219,,,
84,14,intra_node,6,7,1,1,0.7246342301368713,0.8982759082819844,0.7243528366088867,,,
84,14,intra_node,8,9,2,2,0.8644144535064697,0.6584689000484127,0.8641228675842285,,,
84,14,intra_node,8,10,2,2,0.8417137861251831,0.688278148528958,0.8413506746292114,,,
84,14,intra_node,8,11,2,2,-0.7850494384765625,0.763644994008072,-0.7849843502044678,,,
84,14,intra_node,9,10,2,2,0.8052660226821899,0.087281212413074,0.8048676252365112,,,
84,14,intra_node,9,11,2,2,-0.7748023867607117,0.9192774148245128,-0.7746292352676392,,,
84,14,intra_node,10,11,2,2,-0.8134806156158447,0.9263229799277469,-0.8133703470230103,,,
84,14,intra_node,12,13,3,3,-0.8494832515716553,0.9082087296271069,-0.8492653369903564,,,
84,14,intra_node,12,14,3,3,-0.7817452549934387,0.6490546434674812,-0.7814183235168457,,,
84,14,intra_node,12,15,3,3,-0.7590335011482239,0.33781615250380637,-0.7587093114852905,,,
84,14,intra_node,13,14,3,3,0.8298389911651611,0.7384456905775081,0.8295162320137024,,,
84,14,intra_node,13,15,3,3,0.84736567735672,0.8613809884974266,0.8471496105194092,,,
84,14,intra_node,14,15,3,3,0.8609574437141418,0.47001824665538045,0.8607572317123413,,,
84,14,inter_node,0,4,0,1,0.7766052484512329,0.8832287948116322,0.7764378786087036,,,
84,14,inter_node,0,8,0,2,-0.655217707157135,0.9606981739099695,-0.6549952626228333,,,
84,14,inter_node,0,12,0,3,-0.6907348036766052,0.9026476486334116,-0.6904836297035217,,,
84,14,inter_node,4,8,1,2,-0.8185921311378479,0.6634287877167029,-0.818505048751831,,,
84,14,inter_node,4,12,1,3,-0.7677915692329407,0.16629830779303997,-0.7675418257713318,,,
84,14,inter_node,8,12,2,3,0.8365956544876099,0.5962929961287089,0.8363897800445557,,,
84,14,inter_node,1,5,0,1,0.8099104166030884,0.9652198607152958,0.8097390532493591,,,
84,14,inter_node,1,9,0,2,-0.6922731995582581,0.9492564215657164,-0.6919460296630859,,,
84,14,inter_node,1,13,0,3,0.7653934955596924,0.9662179554749702,0.7651825547218323,,,
84,14,inter_node,5,9,1,2,-0.704297661781311,0.31459033127222435,-0.7039633989334106,,,
84,14,inter_node,5,13,1,3,0.7387487888336182,0.028697261718943094,0.7384718656539917,,,
84,14,inter_node,9,13,2,3,-0.8362499475479126,0.33425971192039944,-0.8359085321426392,,,
84,14,inter_node,2,6,0,1,0.7587184906005859,0.872591351236947,0.7584754228591919,,,
84,14,inter_node,2,10,0,2,0.7385826706886292,0.578895374940647,0.7383228540420532,,,
84,14,inter_node,2,14,0,3,-0.7618421912193298,0.1484620274167279,-0.7616024017333984,,,
84,14,inter_node,6,10,1,2,0.7856069803237915,0.697441820438103,0.7851970195770264,,,
84,14,inter_node,6,14,1,3,-0.8573110103607178,0.8915066975427356,-0.857059121131897,,,
84,14,inter_node,10,14,2,3,-0.838231086730957,0.6414134213315196,-0.8379279971122742,,,
84,14,inter_node,3,7,0,1,0.6967716813087463,0.29523577416478364,0.6964547038078308,,,
84,14,inter_node,3,11,0,2,-0.7720065116882324,0.845559577596761,-0.7718258500099182,,,
84,14,inter_node,3,15,0,3,-0.7679277062416077,0.6016325214317064,-0.7675759792327881,,,
84,14,inter_node,7,11,1,2,-0.7169568538665771,0.7808622845176179,-0.7167250514030457,,,
84,14,inter_node,7,15,1,3,-0.7411118149757385,0.4347507095778192,-0.7408535480499268,,,
84,14,inter_node,11,15,2,3,0.8767095804214478,0.6123166907140923,0.8766156435012817,,,
84,14,cluster_edge,0,15,0,3,0.8080806136131287,0.9355348454092712,0.8079469799995422,,,
84,14,cluster_edge,1,14,0,3,0.8361323475837708,0.8708411855280839,0.8359924554824829,,,
84,14,cluster_edge,2,13,0,3,-0.7169724106788635,0.6928448080488689,-0.716683566570282,,,
84,14,cluster_edge,3,12,0,3,0.7601257562637329,0.7362074903242899,0.7597553133964539,,,
84,14,global_diversity,-1,-1,-1,-1,-0.04100016504526138,0.6890855431556702,-0.040981173515319824,120,4,
85,14,intra_node,0,1,0,0,-0.8222766518592834,0.7450753689084239,-0.8220442533493042,,,
85,14,intra_node,0,2,0,0,-0.5625405311584473,0.9525543246367971,-0.5623561143875122,,,
85,14,intra_node,0,3,0,0,0.8452498912811279,0.801373403956062,0.8451367020606995,,,
85,14,intra_node,1,2,0,0,0.5401377081871033,0.8138835185911908,0.5399613380432129,,,
85,14,intra_node,1,3,0,0,-0.7917721271514893,0.22084188101625374,-0.7913528680801392,,,
85,14,intra_node,2,3,0,0,-0.5731139183044434,0.7611313071452552,-0.5731024146080017,,,
85,14,intra_node,4,5,1,1,0.7191823124885559,0.5622385793126438,0.7189798355102539,,,
85,14,intra_node,4,6,1,1,-0.5986301898956299,0.9178579430673729,-0.5984745621681213,,,
85,14,intra_node,4,7,1,1,-0.5882502198219299,0.23043570692535087,-0.5879298448562622,,,
85,14,intra_node,5,6,1,1,-0.5368172526359558,0.9640413764589915,-0.5366224050521851,,,
85,14,intra_node,5,7,1,1,-0.6527267694473267,0.6631144417533806,-0.6522952318191528,,,
85,14,intra_node,6,7,1,1,0.478650838136673,0.8932616057269965,0.47840994596481323,,,
85,14,intra_node,8,9,2,2,-0.5956040620803833,0.20761225128436064,-0.5948578715324402,,,
85,14,intra_node,8,10,2,2,-0.6767993569374084,0.18056783524645192,-0.6761762499809265,,,
85,14,intra_node,8,11,2,2,0.6650192141532898,0.7460441823152558,0.6646614670753479,,,
85,14,intra_node,9,10,2,2,0.771994411945343,0.0330038497403169,0.7714806795120239,,,
85,14,intra_node,9,11,2,2,-0.6973020434379578,0.7987685213515462,-0.6969888210296631,,,
85,14,intra_node,10,11,2,2,-0.5820165872573853,0.7919004345628327,-0.5815261602401733,,,
85,14,intra_node,12,13,3,3,0.7420581579208374,0.5499437226859393,0.7420910596847534,,,
85,14,intra_node,12,14,3,3,0.6548880338668823,0.9992889887904641,0.6548323631286621,,,
85,14,intra_node,12,15,3,3,-0.9121776223182678,0.9926822015744476,-0.911928117275238,,,
85,14,intra_node,13,14,3,3,0.694380521774292,0.9984201726642296,0.6942334175109863,,,
85,14,intra_node,13,15,3,3,-0.7159312963485718,0.9837402591755302,-0.7159200310707092,,,
85,14,intra_node,14,15,3,3,-0.5819092392921448,0.902838098538882,-0.5817331075668335,,,
85,14,inter_node,0,4,0,1,0.7092757225036621,0.636227985902433,0.7090627551078796,,,
85,14,inter_node,0,8,0,2,-0.7298581004142761,0.05291544149294093,-0.7294955253601074,,,
85,14,inter_node,0,12,0,3,-0.8975690007209778,0.9679569348216946,-0.897542417049408,,,
85,14,inter_node,4,8,1,2,-0.6100274920463562,0.6159033416498727,-0.6097145676612854,,,
85,14,inter_node,4,12,1,3,-0.7137370705604553,0.9119144300921644,-0.7136536240577698,,,
85,14,inter_node,8,12,2,3,0.7313244342803955,0.9661666269495338,0.7308014035224915,,,
85,14,inter_node,1,5,0,1,-0.6942302584648132,0.37532378485448725,-0.6937708854675293,,,
85,14,inter_node,1,9,0,2,-0.6990559101104736,0.660308021555422,-0.6984767317771912,,,
85,14,inter_node,1,13,0,3,0.7953417301177979,0.7207099716395247,0.7952955961227417,,,
85,14,inter_node,5,9,1,2,0.7692687511444092,0.7878025005899499,0.768916666507721,,,
85,14,inter_node,5,13,1,3,-0.673987627029419,0.5529043341350571,-0.6737802624702454,,,
85,14,inter_node,9,13,2,3,-0.6738249063491821,0.9051274177063878,-0.6736644506454468,,,
85,14,inter_node,2,6,0,1,0.5633200407028198,0.9892864618061414,0.5631875991821289,,,
85,14,inter_node,2,10,0,2,-0.564365565776825,0.9388643026995419,-0.5642748475074768,,,
85,14,inter_node,2,14,0,3,0.5331873297691345,0.9989472166024218,0.5330169796943665,,,
85,14,inter_node,6,10,1,2,-0.47791340947151184,0.8247580600707679,-0.4777122735977173,,,
85,14,inter_node,6,14,1,3,0.4887539744377136,0.9017333603027909,0.48856931924819946,,,
85,14,inter_node,10,14,2,3,-0.5860568284988403,0.9827795634291342,-0.5858539342880249,,,
85,14,inter_node,3,7,0,1,-0.7659118175506592,0.5798029258804399,-0.7656358480453491,,,
85,14,inter_node,3,11,0,2,-0.6263444423675537,0.9467393073203615,-0.6259454488754272,,,
85,14,inter_node,3,15,0,3,0.8500527739524841,0.954638877906498,0.8496145606040955,,,
85,14,inter_node,7,11,1,2,0.6814523935317993,0.8732483019039677,0.6811401844024658,,,
85,14,inter_node,7,15,1,3,-0.7159096598625183,0.8920479820366498,-0.7155216336250305,,,
85,14,inter_node,11,15,2,3,-0.5959601402282715,0.1483189607324919,-0.5954976677894592,,,
85,14,cluster_edge,0,15,0,3,0.8916139602661133,0.7716261417304475,0.891575276851654,,,
85,14,cluster_edge,1,14,0,3,0.7614217400550842,0.9943434166087326,0.7613743543624878,,,
85,14,cluster_edge,2,13,0,3,0.5751088857650757,0.33360856991073257,0.5749472975730896,,,
85,14,cluster_edge,3,12,0,3,-0.8747622966766357,0.8386768649490566,-0.8743965029716492,,,
85,14,global_diversity,-1,-1,-1,-1,-0.017530100420117378,0.7495810985565186,-0.01749243028461933,120,4,
86,14,intra_node,0,1,0,0,-0.5766586661338806,0.8413044124954564,-0.575993537902832,,,
86,14,intra_node,0,2,0,0,0.8716466426849365,0.5121921828232853,0.8714368939399719,,,
86,14,intra_node,0,3,0,0,-0.44705814123153687,0.9732919660923214,-0.4463111460208893,,,
86,14,intra_node,1,2,0,0,-0.5935212969779968,0.6746760057618058,-0.592948853969574,,,
86,14,intra_node,1,3,0,0,0.5606556534767151,0.9957615528679297,0.5602312684059143,,,
86,14,intra_node,2,3,0,0,-0.5034827589988708,0.9869716122784137,-0.5029107928276062,,,
86,14,intra_node,4,5,1,1,-0.6820266246795654,0.8864914476145991,-0.6817125678062439,,,
86,14,intra_node,4,6,1,1,-0.6648412942886353,0.6822275347339538,-0.6645234823226929,,,
86,14,intra_node,4,7,1,1,-0.5998858213424683,0.6158658194775992,-0.5992688536643982,,,
86,14,intra_node,5,6,1,1,0.7146357893943787,0.6427992831588822,0.7144113183021545,,,
86,14,intra_node,5,7,1,1,0.7206710577011108,0.9563974852471501,0.7204064130783081,,,
86,14,intra_node,6,7,1,1,0.7411534190177917,0.8779327344624442,0.740921676158905,,,
86,14,intra_node,8,9,2,2,-0.7652171850204468,0.838347532987591,-0.7648168206214905,,,
86,14,intra_node,8,10,2,2,-0.6914838552474976,0.8580142553160455,-0.6910476684570312,,,
86,14,intra_node,8,11,2,2,-0.5286308526992798,0.4461913464748492,-0.5282304883003235,,,
86,14,intra_node,9,10,2,2,0.7283996343612671,0.12166051463318982,0.7279700040817261,,,
86,14,intra_node,9,11,2,2,0.6086161136627197,0.7081077264079486,0.6083109378814697,,,
86,14,intra_node,10,11,2,2,0.6879047155380249,0.7436194906306094,0.6876700520515442,,,
86,14,intra_node,12,13,3,3,-0.6661176681518555,0.2602695853337577,-0.6657770276069641,,,
86,14,intra_node,12,14,3,3,-0.8246110677719116,0.9664161306882663,-0.8243476152420044,,,
86,14,intra_node,12,15,3,3,-0.6101876497268677,0.9303951311353879,-0.6097978353500366,,,
86,14,intra_node,13,14,3,3,0.6554038524627686,0.9545998533440234,0.6550613641738892,,,
86,14,intra_node,13,15,3,3,0.6409494876861572,0.948511161491991,0.6406664252281189,,,
86,14,intra_node,14,15,3,3,0.7065464854240417,0.9976623991805905,0.7062790989875793,,,
86,14,inter_node,0,4,0,1,0.8482503890991211,0.007601607647487647,0.847939670085907,,,
86,14,inter_node,0,8,0,2,0.7883145213127136,0.9096364677637381,0.7880092263221741,,,
86,14,inter_node,0,12,0,3,0.8465879559516907,0.5793880241988081,0.8462507724761963,,,
86,14,inter_node,4,8,1,2,0.7944214940071106,0.9089442980433974,0.7940793037414551,,,
86,14,inter_node,4,12,1,3,0.8360246419906616,0.5761662059889904,0.8356850147247314,,,
86,14,inter_node,8,12,2,3,0.86510169506073,0.7851617703843661,0.8648847341537476,,,
86,14,inter_node,1,5,0,1,0.7070304155349731,0.982123623680153,0.7067582607269287,,,
86,14,inter_node,1,9,0,2,0.6834832429885864,0.9976818561235307,0.683037281036377,,,
86,14,inter_node,1,13,0,3,0.6339560747146606,0.9506235388104777,0.633608877658844,,,
86,14,inter_node,5,9,1,2,0.7478697299957275,0.8703236139700377,0.7476606965065002,,,
86,14,inter_node,5,13,1,3,0.6974154114723206,0.6379575228927029,0.6971684694290161,,,
86,14,inter_node,9,13,2,3,0.6660147309303284,0.9530516399793904,0.6656763553619385,,,
86,14,inter_node,2,6,0,1,-0.6590284705162048,0.8461664469482526,-0.6587004661560059,,,
86,14,inter_node,2,10,0,2,-0.7458326816558838,0.9937412630622827,-0.7454445958137512,,,
86,14,inter_node,2,14,0,3,-0.8358862400054932,0.9931093352502117,-0.8356413841247559,,,
86,14,inter_node,6,10,1,2,0.6755659580230713,0.9593148775832282,0.6752639412879944,,,
86,14,inter_node,6,14,1,3,0.7452675104141235,0.9552070103492288,0.7450388669967651,,,
86,14,inter_node,10,14,2,3,0.7262375354766846,0.09170781557619588,0.7258673906326294,,,
86,14,inter_node,3,7,0,1,0.5362797975540161,0.9896619454469588,0.5358129739761353,,,
86,14,inter_node,3,11,0,2,0.590485692024231,0.46631010161285286,0.5901975035667419,,,
86,14,inter_node,3,15,0,3,0.53926682472229,0.9955802276094624,0.5389001965522766,,,
86,14,inter_node,7,11,1,2,0.552436888217926,0.9806290983129274,0.5520742535591125,,,
86,14,inter_node,7,15,1,3,0.7708997130393982,0.5724754238951612,0.7707002758979797,,,
86,14,inter_node,11,15,2,3,0.5937526226043701,0.9917184634674658,0.5934779644012451,,,
86,14,cluster_edge,0,15,0,3,-0.5861151814460754,0.8345152471419124,-0.585746169090271,,,
86,14,cluster_edge,1,14,0,3,0.709790050983429,0.9977583014206426,0.7094305753707886,,,
86,14,cluster_edge,2,13,0,3,-0.6531158685684204,0.8482237336807992,-0.6527547836303711,,,
86,14,cluster_edge,3,12,0,3,-0.5211307406425476,0.9365019651263984,-0.5205686688423157,,,
86,14,global_diversity,-1,-1,-1,-1,0.07559981942176819,0.7904013395309448,0.07562284171581268,120,4,
87,14,intra_node,0,1,0,0,-0.49959954619407654,0.006312435387798229,-0.49921175837516785,,,
87,14,intra_node,0,2,0,0,-0.656596302986145,0.9410251019888808,-0.6563434600830078,,,
87,14,intra_node,0,3,0,0,-0.6967278718948364,0.5064988666711475,-0.6965248584747314,,,
87,14,intra_node,1,2,0,0,0.6318074464797974,0.9406504618641023,0.6313458681106567,,,
87,14,intra_node,1,3,0,0,0.5973395705223083,0.5096140606890911,0.5968255400657654,,,
87,14,intra_node,2,3,0,0,0.7119187712669373,0.9708958209935592,0.7112793922424316,,,
87,14,intra_node,4,5,1,1,-0.6999295949935913,0.9542783819770795,-0.6994001269340515,,,
87,14,intra_node,4,6,1,1,-0.8409041166305542,0.9964334432765554,-0.8406280875205994,,,
87,14,intra_node,4,7,1,1,-0.7109842300415039,0.9828270759273208,-0.7104741334915161,,,
87,14,intra_node,5,6,1,1,0.7929061055183411,0.921994083375249,0.7924984693527222,,,
87,14,intra_node,5,7,1,1,0.8281047344207764,0.624402529585233,0.8277645111083984,,,
87,14,intra_node,6,7,1,1,0.8050532937049866,0.7923151171955175,0.8046689629554749,,,
87,14,intra_node,8,9,2,2,0.659826397895813,0.6963371274965185,0.6593769788742065,,,
87,14,intra_node,8,10,2,2,0.7515655159950256,0.9477721037261989,0.7510300874710083,,,
87,14,intra_node,8,11,2,2,-0.7024203538894653,0.9727877088615379,-0.7019102573394775,,,
87,14,intra_node,9,10,2,2,0.675001323223114,0.9841403269926837,0.6745765805244446,,,
87,14,intra_node,9,11,2,2,-0.6192544102668762,0.9917366375054936,-0.6187896132469177,,,
87,14,intra_node,10,11,2,2,-0.5883033275604248,0.47897018490264975,-0.5875880122184753,,,
87,14,intra_node,12,13,3,3,-0.6768206357955933,0.9990768194713107,-0.6764223575592041,,,
87,14,intra_node,12,14,3,3,0.7691732048988342,0.9592931749786718,0.7686992883682251,,,
87,14,intra_node,12,15,3,3,-0.7092325687408447,0.9698987220281413,-0.7092252969741821,,,
87,14,intra_node,13,14,3,3,-0.5781521201133728,0.9773212347510359,-0.577567458152771,,,
87,14,intra_node,13,15,3,3,0.7550944089889526,0.9693308526783339,0.7550301551818848,,,
87,14,intra_node,14,15,3,3,-0.6272274255752563,0.26053486224761313,-0.6273027062416077,,,
87,14,inter_node,0,4,0,1,0.8052921891212463,0.8468404468534461,0.8051816821098328,,,
87,14,inter_node,0,8,0,2,-0.7041745781898499,0.8597469601902185,-0.7039825916290283,,,
87,14,inter_node,0,12,0,3,-0.7437599897384644,0.9451798672458064,-0.7435904741287231,,,
87,14,inter_node,4,8,1,2,-0.7101768255233765,0.978518907095288,-0.7096492052078247,,,
87,14,inter_node,4,12,1,3,-0.7431445121765137,0.991603772963933,-0.7427099347114563,,,
87,14,inter_node,8,12,2,3,0.7864360213279724,0.609134084875853,0.7860229015350342,,,
87,14,inter_node,1,5,0,1,0.5475459098815918,0.6995808274920138,0.5469667911529541,,,
87,14,inter_node,1,9,0,2,0.47305676341056824,0.9571398068540744,0.47252342104911804,,,
87,14,inter_node,1,13,0,3,-0.4337204694747925,0.9832661293367525,-0.4331580102443695,,,
87,14,inter_node,5,9,1,2,0.6526384353637695,0.8573320311479581,0.6521837711334229,,,
87,14,inter_node,5,13,1,3,-0.6032314300537109,0.9949728244224916,-0.602717399597168,,,
87,14,inter_node,9,13,2,3,-0.5788599252700806,0.9992827830712943,-0.5784242749214172,,,
87,14,inter_node,2,6,0,1,0.7410187721252441,0.6051448139415218,0.7404759526252747,,,
87,14,inter_node,2,10,0,2,0.7167954444885254,0.9780387301390389,0.7161707282066345,,,
87,14,inter_node,2,14,0,3,0.7290571331977844,0.9562080437719178,0.7283625602722168,,,
87,14,inter_node,6,10,1,2,0.7081615924835205,0.9913284787029697,0.7075649499893188,,,
87,14,inter_node,6,14,1,3,0.7621270418167114,0.9827085189756959,0.7615904808044434,,,
87,14,inter_node,10,14,2,3,0.7961675524711609,0.4985090470364019,0.795677900314331,,,
87,14,inter_node,3,7,0,1,0.8471994400024414,0.9446664780725224,0.8468843102455139,,,
87,14,inter_node,3,11,0,2,-0.6537047624588013,0.6068442139382342,-0.6531057953834534,,,
87,14,inter_node,3,15,0,3,-0.6070915460586548,0.10124089519637897,-0.6070160269737244,,,
87,14,inter_node,7,11,1,2,-0.7096656560897827,0.9782453056910366,-0.7091813683509827,,,
87,14,inter_node,7,15,1,3,-0.676007866859436,0.9384334226693949,-0.6759916543960571,,,
87,14,inter_node,11,15,2,3,0.7721258401870728,0.6466476576707634,0.772134006023407,,,
87,14,cluster_edge,0,15,0,3,0.6668606400489807,0.45090833495736043,0.666729211807251,,,
87,14,cluster_edge,1,14,0,3,0.6226595640182495,0.2621348437824739,0.6221901178359985,,,
87,14,cluster_edge,2,13,0,3,-0.6417779922485352,0.9990068525049104,-0.6413139700889587,,,
87,14,cluster_edge,3,12,0,3,0.7866037487983704,0.9729462023565673,0.7861908674240112,,,
87,14,global_diversity,-1,-1,-1,-1,0.0933327004313469,0.780453085899353,0.0932672917842865,120,4,
88,14,intra_node,0,1,0,0,0.6880834102630615,0.6958261970086534,0.6882716417312622,,,
88,14,intra_node,0,2,0,0,0.660698652267456,0.6089541650579987,0.6602926850318909,,,
88,14,intra_node,0,3,0,0,0.7659229040145874,0.9178025887231694,0.7659239172935486,,,
88,14,intra_node,1,2,0,0,0.7277722358703613,0.22215306797357742,0.7278144955635071,,,
88,14,intra_node,1,3,0,0,0.6365748643875122,0.7297682756750457,0.6365148425102234,,,
88,14,intra_node,2,3,0,0,0.6174855828285217,0.7898010822976242,0.6172854900360107,,,
88,14,intra_node,4,5,1,1,-0.6149419546127319,0.9866526966517303,-0.6145404577255249,,,
88,14,intra_node,4,6,1,1,0.6646228432655334,0.6827428734022913,0.664389431476593,,,
88,14,intra_node,4,7,1,1,0.7561467289924622,0.74957255615648,0.7559335231781006,,,
88,14,intra_node,5,6,1,1,-0.5919885039329529,0.9579290669010109,-0.591648280620575,,,
88,14,intra_node,5,7,1,1,-0.6325592994689941,0.9467019143612319,-0.6320849061012268,,,
88,14,intra_node,6,7,1,1,0.7622332572937012,0.21064832639340725,0.7620609402656555,,,
88,14,intra_node,8,9,2,2,-0.7416241765022278,0.7927693134287889,-0.7413653135299683,,,
88,14,intra_node,8,10,2,2,0.7218846082687378,0.5369031020255661,0.7215991616249084,,,
88,14,intra_node,8,11,2,2,-0.8023747205734253,0.09258613907449015,-0.802128255367279,,,
88,14,intra_node,9,10,2,2,-0.7232531905174255,0.5525111753552455,-0.7229999899864197,,,
88,14,intra_node,9,11,2,2,0.7343804836273193,0.8119560025961731,0.7341195344924927,,,
88,14,intra_node,10,11,2,2,-0.6614660620689392,0.579779455826392,-0.6610722541809082,,,
88,14,intra_node,12,13,3,3,0.8413364887237549,0.9296262080719506,0.8410430550575256,,,
88,14,intra_node,12,14,3,3,0.7950448393821716,0.1322827490680929,0.7946943044662476,,,
88,14,intra_node,12,15,3,3,0.7907964587211609,0.833527486640545,0.7903961539268494,,,
88,14,intra_node,13,14,3,3,0.7510728240013123,0.9188977839815105,0.7505843043327332,,,
88,14,intra_node,13,15,3,3,0.8021100759506226,0.5772647958038868,0.8016036748886108,,,
88,14,intra_node,14,15,3,3,0.7766270637512207,0.8081488950684481,0.7761852145195007,,,
88,14,inter_node,0,4,0,1,0.6724475026130676,0.9943531473409462,0.6721242666244507,,,
88,14,inter_node,0,8,0,2,0.7987131476402283,0.7711997473820926,0.7984474897384644,,,
88,14,inter_node,0,12,0,3,-0.8539802432060242,0.7522168527701489,-0.8537233471870422,,,
88,14,inter_node,4,8,1,2,0.7784493565559387,0.9753197271661931,0.7782498598098755,,,
88,14,inter_node,4,12,1,3,-0.6218613386154175,0.977210505548161,-0.6214752793312073,,,
88,14,inter_node,8,12,2,3,-0.7484056949615479,0.07661091895945031,-0.748069167137146,,,
88,14,inter_node,1,5,0,1,-0.7472156286239624,0.28103312336069486,-0.7475305199623108,,,
88,14,inter_node,1,9,0,2,-0.7544854879379272,0.7245014141827062,-0.7545305490493774,,,
88,14,inter_node,1,13,0,3,-0.6451787948608398,0.9426727763043853,-0.6454392075538635,,,
88,14,inter_node,5,9,1,2,0.8095765709877014,0.6168132430452602,0.8094182014465332,,,
88,14,inter_node,5,13,1,3,0.7476115226745605,0.9587836250331612,0.7470412254333496,,,
88,14,inter_node,9,13,2,3,0.703058123588562,0.9842064309430265,0.7027495503425598,,,
88,14,inter_node,2,6,0,1,0.6261178851127625,0.9544836524437619,0.6258382201194763,,,
88,14,inter_node,2,10,0,2,0.7110694646835327,0.20851436545446442,0.7107959389686584,,,
88,14,inter_node,2,14,0,3,-0.7535374164581299,0.4501777230962418,-0.7532612681388855,,,
88,14,inter_node,6,10,1,2,0.6102765798568726,0.9639744647722557,0.6099876761436462,,,
88,14,inter_node,6,14,1,3,-0.6428799033164978,0.9172162542911927,-0.6425955295562744,,,
88,14,inter_node,10,14,2,3,-0.7285862565040588,0.5648235662775578,-0.7282868027687073,,,
88,14,inter_node,3,7,0,1,0.7814772725105286,0.7256743636415055,0.7813922166824341,,,
88,14,inter_node,3,11,0,2,-0.7863795161247253,0.6040902186597603,-0.7864897847175598,,,
88,14,inter_node,3,15,0,3,-0.6608680486679077,0.49817053059557476,-0.6608566045761108,,,
88,14,inter_node,7,11,1,2,-0.7677631974220276,0.8913917972932863,-0.7675111889839172,,,
88,14,inter_node,7,15,1,3,-0.666817843914032,0.4533488902434007,-0.66640305519104,,,
88,14,inter_node,11,15,2,3,0.814227283000946,0.8013208044980055,0.8137627840042114,,,
88,14,cluster_edge,0,15,0,3,-0.7665351629257202,0.9587509167125308,-0.7660422921180725,,,
88,14,cluster_edge,1,14,0,3,-0.7804328203201294,0.29314849199009074,-0.7806821465492249,,,
88,14,cluster_edge,2,13,0,3,-0.6215106248855591,0.9554081949267736,-0.6210350394248962,,,
88,14,cluster_edge,3,12,0,3,-0.7559818625450134,0.6682687575980227,-0.7559489607810974,,,
88,14,global_diversity,-1,-1,-1,-1,-0.019041886553168297,0.6927216053009033,-0.019030867144465446,120,4,
89,14,intra_node,0,1,0,0,-0.5028269290924072,0.8711038786328551,-0.5020545721054077,,,
89,14,intra_node,0,2,0,0,-0.48371800780296326,0.6978926328013688,-0.4833717942237854,,,
89,14,intra_node,0,3,0,0,-0.601500391960144,0.976077285832565,-0.6009906530380249,,,
89,14,intra_node,1,2,0,0,0.8109679222106934,0.5733433363033561,0.811020016670227,,,
89,14,intra_node,1,3,0,0,0.7285380363464355,0.8144031494997895,0.7281168699264526,,,
89,14,intra_node,2,3,0,0,0.7251322269439697,0.9208138669729754,0.7249966859817505,,,
89,14,intra_node,4,5,1,1,0.6658430695533752,0.9938054211719807,0.6651715636253357,,,
89,14,intra_node,4,6,1,1,0.7195419669151306,0.8721263475010075,0.7188845872879028,,,
89,14,intra_node,4,7,1,1,0.6757932901382446,0.40334238521569427,0.6751640439033508,,,
89,14,intra_node,5,6,1,1,0.8812292814254761,0.9515570353473081,0.8810019493103027,,,
89,14,intra_node,5,7,1,1,0.8124507665634155,0.9896178668058084,0.8121228218078613,,,
89,14,intra_node,6,7,1,1,0.8591848015785217,0.7856833645788307,0.8589251041412354,,,
89,14,intra_node,8,9,2,2,-0.7168461084365845,0.6532039713106718,-0.716623842716217,,,
89,14,intra_node,8,10,2,2,0.8663504123687744,0.2350689729262131,0.8663004636764526,,,
89,14,intra_node,8,11,2,2,0.748772919178009,0.9695156998356589,0.7486196756362915,,,
89,14,intra_node,9,10,2,2,-0.7426601052284241,0.5466309818599167,-0.742546558380127,,,
89,14,intra_node,9,11,2,2,-0.6606373190879822,0.9894281657656331,-0.660411536693573,,,
89,14,intra_node,10,11,2,2,0.8072221279144287,0.9766816129656649,0.8071385025978088,,,
89,14,intra_node,12,13,3,3,-0.7733105421066284,0.6518399224433298,-0.7729046940803528,,,
89,14,intra_node,12,14,3,3,0.8135088682174683,0.48804783427214204,0.8132103085517883,,,
89,14,intra_node,12,15,3,3,-0.656231164932251,0.5036155595768079,-0.6556970477104187,,,
89,14,intra_node,13,14,3,3,-0.8143764138221741,0.8217586942748837,-0.8140504956245422,,,
89,14,intra_node,13,15,3,3,0.7762330174446106,0.2986079957303925,0.7758533358573914,,,
89,14,intra_node,14,15,3,3,-0.7119487524032593,0.745874910691736,-0.7115037441253662,,,
89,14,inter_node,0,4,0,1,0.7004599571228027,0.9968877863673308,0.7000117301940918,,,
89,14,inter_node,0,8,0,2,-0.517097532749176,0.9763630713116658,-0.5166650414466858,,,
89,14,inter_node,0,12,0,3,0.601294219493866,0.9703660444786215,0.6007390022277832,,,
89,14,inter_node,4,8,1,2,-0.6186701655387878,0.8683325708806995,-0.6183258295059204,,,
89,14,inter_node,4,12,1,3,0.6707905530929565,0.8949781229703203,0.6701756715774536,,,
89,14,inter_node,8,12,2,3,-0.7559852004051208,0.20237010981264017,-0.7557939291000366,,,
89,14,inter_node,1,5,0,1,-0.6503580212593079,0.743443966682351,-0.6496827602386475,,,
89,14,inter_node,1,9,0,2,-0.675041913986206,0.9364046573893526,-0.6746755838394165,,,
89,14,inter_node,1,13,0,3,0.8443771600723267,0.3396551347999437,0.8440475463867188,,,
89,14,inter_node,5,9,1,2,0.7453110218048096,0.9836842311623355,0.74504154920578,,,
89,14,inter_node,5,13,1,3,-0.7071917057037354,0.8305845407625959,-0.7066228985786438,,,
89,14,inter_node,9,13,2,3,-0.6950181722640991,0.9036937425243994,-0.6946830153465271,,,
89,14,inter_node,2,6,0,1,-0.7141926288604736,0.9194385982234854,-0.7141548991203308,,,
89,14,inter_node,2,10,0,2,0.7875118851661682,0.9401516742008161,0.7874230742454529,,,
89,14,inter_node,2,14,0,3,-0.7171913385391235,0.9497821987959734,-0.7170686721801758,,,
89,14,inter_node,6,10,1,2,-0.8025704026222229,0.2571091803341614,-0.8027142286300659,,,
89,14,inter_node,6,14,1,3,0.8194097280502319,0.3766518444734141,0.8190908432006836,,,
89,14,inter_node,10,14,2,3,-0.7687056064605713,0.16091552213961194,-0.7686783671379089,,,
89,14,inter_node,3,7,0,1,-0.7249982953071594,0.7819612107126988,-0.7245932817459106,,,
89,14,inter_node,3,11,0,2,0.7094561457633972,0.9691471252868084,0.7092666029930115,,,
89,14,inter_node,3,15,0,3,0.7042055726051331,0.599281875251536,0.7037901282310486,,,
89,14,inter_node,7,11,1,2,-0.7249580025672913,0.9932728765515029,-0.7248058915138245,,,
89,14,inter_node,7,15,1,3,-0.7315958142280579,0.9126279052343672,-0.7311685085296631,,,
89,14,inter_node,11,15,2,3,0.821327269077301,0.92300604138493,0.821260392665863,,,
89,14,cluster_edge,0,15,0,3,-0.5087953805923462,0.9403003939927809,-0.5081288814544678,,,
89,14,cluster_edge,1,14,0,3,-0.7680020332336426,0.882299268997866,-0.7675914168357849,,,
89,14,cluster_edge,2,13,0,3,0.828151524066925,0.7182594629245339,0.8282327651977539,,,
89,14,cluster_edge,3,12,0,3,-0.6666420698165894,0.19272625788424755,-0.6661593914031982,,,
89,14,global_diversity,-1,-1,-1,-1,-0.009353048168122768,0.7375771403312683,-0.009294121526181698,120,4,
90,14,intra_node,0,1,0,0,-0.672899067401886,0.6853190541726014,-0.6726088523864746,,,
90,14,intra_node,0,2,0,0,0.6168572306632996,0.9530446693877633,0.6165356040000916,,,
90,14,intra_node,0,3,0,0,0.6484473347663879,0.7938954183072321,0.6481427550315857,,,
90,14,intra_node,1,2,0,0,-0.7433711290359497,0.8507843222322347,-0.7431316375732422,,,
90,14,intra_node,1,3,0,0,-0.7869837880134583,0.3450363473681194,-0.7867770195007324,,,
90,14,intra_node,2,3,0,0,0.7450405955314636,0.7721771625522076,0.7448086738586426,,,
90,14,intra_node,4,5,1,1,-0.7615929245948792,0.6574918934610403,-0.761529803276062,,,
90,14,intra_node,4,6,1,1,0.7031033635139465,0.9623898977410246,0.7030956745147705,,,
90,14,intra_node,4,7,1,1,-0.709923267364502,0.9980074426702882,-0.7098858952522278,,,
90,14,intra_node,5,6,1,1,-0.7501779198646545,0.8901920814691802,-0.7499027848243713,,,
90,14,intra_node,5,7,1,1,0.6343266367912292,0.9941824520597582,0.6339102387428284,,,
90,14,intra_node,6,7,1,1,-0.5705307126045227,0.9470206883248676,-0.5698291063308716,,,
90,14,intra_node,8,9,2,2,0.7296909689903259,0.46265189296759346,0.7293881773948669,,,
90,14,intra_node,8,10,2,2,-0.6762729287147522,0.9707930726092828,-0.6759975552558899,,,
90,14,intra_node,8,11,2,2,0.5669838190078735,0.9612549619373786,0.5666568875312805,,,
90,14,intra_node,9,10,2,2,-0.7391220331192017,0.9456461705019913,-0.7389076948165894,,,
90,14,intra_node,9,11,2,2,0.6700189113616943,0.9278958322257852,0.6697934865951538,,,
90,14,intra_node,10,11,2,2,-0.5870733857154846,0.24617631440930154,-0.5868116617202759,,,
90,14,intra_node,12,13,3,3,0.6610440611839294,0.1076108950418972,0.6605882048606873,,,
90,14,intra_node,12,14,3,3,0.6846460700035095,0.059179620145050085,0.6842103004455566,,,
90,14,intra_node,12,15,3,3,-0.640795886516571,0.20166667924471757,-0.6403031349182129,,,
90,14,intra_node,13,14,3,3,0.7916066646575928,0.16042214329489896,0.791191041469574,,,
90,14,intra_node,13,15,3,3,-0.7514006495475769,0.28757604243296353,-0.7509398460388184,,,
90,14,intra_node,14,15,3,3,-0.8544377684593201,0.1514498007809262,-0.8541389107704163,,,
90,14,inter_node,0,4,0,1,-0.6562033891677856,0.7463995247579016,-0.6560698747634888,,,
90,14,inter_node,0,8,0,2,-0.6835008859634399,0.7108553509134032,-0.6831995248794556,,,
90,14,inter_node,0,12,0,3,-0.7415742874145508,0.5419403920523405,-0.7413387894630432,,,
90,14,inter_node,4,8,1,2,0.7589154839515686,0.12292869315334659,0.7590538859367371,,,
90,14,inter_node,4,12,1,3,0.636829674243927,0.8838358657352643,0.6366961002349854,,,
90,14,inter_node,8,12,2,3,0.6242117285728455,0.8675545153992299,0.6236746907234192,,,
90,14,inter_node,1,5,0,1,-0.7993996143341064,0.7670033617076335,-0.7992047071456909,,,
90,14,inter_node,1,9,0,2,0.729462742805481,0.8306715693891629,0.7291958332061768,,,
90,14,inter_node,1,13,0,3,0.7945129871368408,0.38694038347435067,0.7942832112312317,,,
90,14,inter_node,5,9,1,2,-0.6338524222373962,0.27325805276914716,-0.6335011720657349,,,
90,14,inter_node,5,13,1,3,-0.6757630109786987,0.6199445665450738,-0.6753853559494019,,,
90,14,inter_node,9,13,2,3,0.6891122460365295,0.7237977742353011,0.6887446045875549,,,
90,14,inter_node,2,6,0,1,-0.6973832249641418,0.6833857542737382,-0.6970593929290771,,,
90,14,inter_node,2,10,0,2,0.6513848304748535,0.5351485484592443,0.6511068940162659,,,
90,14,inter_node,2,14,0,3,-0.6853153109550476,0.8910427359876734,-0.6849847435951233,,,
90,14,inter_node,6,10,1,2,-0.6369057297706604,0.31889156272000413,-0.6365637183189392,,,
90,14,inter_node,6,14,1,3,0.8436970114707947,0.6558674617991482,0.8433937430381775,,,
90,14,inter_node,10,14,2,3,-0.6729782819747925,0.7656084246888194,-0.672703742980957,,,
90,14,inter_node,3,7,0,1,0.7432938814163208,0.9618782247647347,0.7430123686790466,,,
90,14,inter_node,3,11,0,2,-0.5475285649299622,0.3498504205047029,-0.5472124814987183,,,
90,14,inter_node,3,15,0,3,0.8824865818023682,0.43638649226228937,0.8824030160903931,,,
90,14,inter_node,7,11,1,2,-0.43992555141448975,0.9413646083338871,-0.43945997953414917,,,
90,14,inter_node,7,15,1,3,0.7236703038215637,0.9785140525384636,0.7232090830802917,,,
90,14,inter_node,11,15,2,3,-0.561578631401062,0.633566914946458,-0.5612367391586304,,,
90,14,cluster_edge,0,15,0,3,0.6851357221603394,0.6343157520832822,0.6848257780075073,,,
90,14,cluster_edge,1,14,0,3,0.8910142779350281,0.2698001601285865,0.8909754753112793,,,
90,14,cluster_edge,2,13,0,3,-0.6066660284996033,0.9085218938080789,-0.606220006942749,,,
90,14,cluster_edge,3,12,0,3,-0.6163419485092163,0.5500485567452205,-0.6159495711326599,,,
90,14,global_diversity,-1,-1,-1,-1,-0.02506766840815544,0.7108237743377686,-0.025034992024302483,120,4,
91,14,intra_node,0,1,0,0,0.7849227786064148,0.4654812145227225,0.7845533490180969,,,
91,14,intra_node,0,2,0,0,0.798160195350647,0.9511687412848132,0.7977318167686462,,,
91,14,intra_node,0,3,0,0,-0.6994328498840332,0.7318671021394806,-0.6993409991264343,,,
91,14,intra_node,1,2,0,0,0.6946359276771545,0.9086444479746679,0.69404536485672,,,
91,14,intra_node,1,3,0,0,-0.7119531631469727,0.49836581024724763,-0.7118409276008606,,,
91,14,intra_node,2,3,0,0,-0.5532169938087463,0.8178841197599394,-0.5530703663825989,,,
91,14,intra_node,4,5,1,1,0.7781503200531006,0.5955429464195691,0.7776234745979309,,,
91,14,intra_node,4,6,1,1,0.7874364256858826,0.9385919502811556,0.7869575619697571,,,
91,14,intra_node,4,7,1,1,0.7673319578170776,0.8960334859595268,0.7668479681015015,,,
91,14,intra_node,5,6,1,1,0.7823554277420044,0.8481716435027317,0.7817490696907043,,,
91,14,intra_node,5,7,1,1,0.7898141741752625,0.9579500100601617,0.7893187999725342,,,
91,14,intra_node,6,7,1,1,0.7443188428878784,0.9936156191367077,0.7437409162521362,,,
91,14,intra_node,8,9,2,2,0.6618057489395142,0.296741225387216,0.6614482402801514,,,
91,14,intra_node,8,10,2,2,-0.8498350381851196,0.8767074635593874,-0.8496696352958679,,,
91,14,intra_node,8,11,2,2,-0.8035159707069397,0.9388483017643914,-0.8033480644226074,,,
91,14,intra_node,9,10,2,2,-0.6563924551010132,0.82468396998175,-0.6559556126594543,,,
91,14,intra_node,9,11,2,2,-0.6101607084274292,0.9130452396142815,-0.6098222136497498,,,
91,14,intra_node,10,11,2,2,0.8176506757736206,0.5040113538010949,0.8175455331802368,,,
91,14,intra_node,12,13,3,3,-0.732418417930603,0.08531471020104338,-0.7320143580436707,,,
91,14,intra_node,12,14,3,3,0.8517029285430908,0.5521242565971366,0.8513639569282532,,,
91,14,intra_node,12,15,3,3,-0.6412140130996704,0.9215216141546237,-0.6412070989608765,,,
91,14,intra_node,13,14,3,3,-0.6986573338508606,0.5103499002358458,-0.6981958150863647,,,
91,14,intra_node,13,15,3,3,0.6683347225189209,0.9282169749000677,0.668225884437561,,,
91,14,intra_node,14,15,3,3,-0.6304320096969604,0.9648514345984454,-0.6303815841674805,,,
91,14,inter_node,0,4,0,1,0.801887571811676,0.40695195906743026,0.801493227481842,,,
91,14,inter_node,0,8,0,2,0.884113073348999,0.6925882783277828,0.8839941620826721,,,
91,14,inter_node,0,12,0,3,0.9210242033004761,0.8870639770229943,0.9208672046661377,,,
91,14,inter_node,4,8,1,2,0.8191081881523132,0.8176900807025832,0.81889808177948,,,
91,14,inter_node,4,12,1,3,0.8242113590240479,0.8095668222773093,0.8238220810890198,,,
91,14,inter_node,8,12,2,3,0.8641242384910583,0.9652821427378256,0.8640128970146179,,,
91,14,inter_node,1,5,0,1,0.7346291542053223,0.5512553164000434,0.7341346740722656,,,
91,14,inter_node,1,9,0,2,0.678687572479248,0.7663486812515266,0.6783004403114319,,,
91,14,inter_node,1,13,0,3,-0.6207464337348938,0.7690075301995087,-0.6202116012573242,,,
91,14,inter_node,5,9,1,2,0.6110329627990723,0.8951502128955037,0.6105185151100159,,,
91,14,inter_node,5,13,1,3,-0.7375968098640442,0.48524745085021526,-0.7372302412986755,,,
91,14,inter_node,9,13,2,3,-0.5990538597106934,0.9460283048101483,-0.5986012816429138,,,
91,14,inter_node,2,6,0,1,0.7391065359115601,0.2542087887666027,0.7383601069450378,,,
91,14,inter_node,2,10,0,2,-0.6966351866722107,0.878246471794441,-0.695899486541748,,,
91,14,inter_node,2,14,0,3,0.7967827916145325,0.8063475610185535,0.7962803244590759,,,
91,14,inter_node,6,10,1,2,-0.7380133867263794,0.9091972887276366,-0.7374330163002014,,,
91,14,inter_node,6,14,1,3,0.773827075958252,0.8555757129737255,0.7732998728752136,,,
91,14,inter_node,10,14,2,3,-0.7652138471603394,0.37127810604428313,-0.7647218704223633,,,
91,14,inter_node,3,7,0,1,-0.7050684690475464,0.9529939553526018,-0.70500248670578,,,
91,14,inter_node,3,11,0,2,0.6358941793441772,0.2581125966297417,0.6356984376907349,,,
91,14,inter_node,3,15,0,3,0.7311736941337585,0.9669453585973542,0.7310758233070374,,,
91,14,inter_node,7,11,1,2,-0.7835008502006531,0.9651268075938353,-0.7833536863327026,,,
91,14,inter_node,7,15,1,3,-0.715474009513855,0.9984462320504235,-0.7155126333236694,,,
91,14,inter_node,11,15,2,3,0.6605783700942993,0.9554452046867428,0.6604403257369995,,,
91,14,cluster_edge,0,15,0,3,-0.6897355318069458,0.9911369632129683,-0.689719557762146,,,
91,14,cluster_edge,1,14,0,3,0.7223828434944153,0.5282499280368748,0.7218824028968811,,,
91,14,cluster_edge,2,13,0,3,-0.6742346286773682,0.6045085274674272,-0.6737310290336609,,,
91,14,cluster_edge,3,12,0,3,-0.6496106386184692,0.578805794148564,-0.6495100259780884,,,
91,14,global_diversity,-1,-1,-1,-1,0.09252576529979706,0.7287865877151489,0.09243841469287872,120,4,
92,14,intra_node,0,1,0,0,0.7999446988105774,0.9045405302365157,0.7997846007347107,,,
92,14,intra_node,0,2,0,0,0.757775068283081,0.7113252608536396,0.757573664188385,,,
92,14,intra_node,0,3,0,0,-0.7350049614906311,0.8443642793793114,-0.7347878813743591,,,
92,14,intra_node,1,2,0,0,0.7363525629043579,0.9724432624669763,0.7360588908195496,,,
92,14,intra_node,1,3,0,0,-0.6373599171638489,0.3866480690757646,-0.6369261145591736,,,
92,14,intra_node,2,3,0,0,-0.7557169198989868,0.9550718989479668,-0.7553381323814392,,,
92,14,intra_node,4,5,1,1,0.7714276909828186,0.990192347925379,0.771245539188385,,,
92,14,intra_node,4,6,1,1,-0.6377860307693481,0.8163248071095907,-0.63742595911026,,,
92,14,intra_node,4,7,1,1,-0.784923791885376,0.9406463219497044,-0.7843568921089172,,,
92,14,intra_node,5,6,1,1,-0.5604054927825928,0.94660328419814,-0.560040295124054,,,
92,14,intra_node,5,7,1,1,-0.6217669248580933,0.8347591523088068,-0.6213489174842834,,,
92,14,intra_node,6,7,1,1,0.6515896320343018,0.6768552295153478,0.6512775421142578,,,
92,14,intra_node,8,9,2,2,-0.6234737634658813,0.9740689226384652,-0.6238828897476196,,,
92,14,intra_node,8,10,2,2,-0.7714178562164307,0.3420793459098277,-0.7712825536727905,,,
92,14,intra_node,8,11,2,2,-0.7587193250656128,0.2767356319339422,-0.7585453391075134,,,
92,14,intra_node,9,10,2,2,0.7748585939407349,0.9829394086210361,0.7749285101890564,,,
92,14,intra_node,9,11,2,2,0.8108222484588623,0.9812449757188375,0.8109164834022522,,,
92,14,intra_node,10,11,2,2,0.8372011780738831,0.09034554564136563,0.8370463252067566,,,
92,14,intra_node,12,13,3,3,-0.6595105528831482,0.9983785310626163,-0.6592797636985779,,,
92,14,intra_node,12,14,3,3,-0.3990148901939392,0.9575982951835017,-0.3985638916492462,,,
92,14,intra_node,12,15,3,3,-0.6484081745147705,0.9988371762366641,-0.6481531858444214,,,
92,14,intra_node,13,14,3,3,0.4913628101348877,0.961759345658367,0.4910896122455597,,,
92,14,intra_node,13,15,3,3,0.882172703742981,0.2828578232203718,0.8820883631706238,,,
92,14,intra_node,14,15,3,3,0.4676240086555481,0.9725760139039639,0.467336505651474,,,
92,14,inter_node,0,4,0,1,0.6978359222412109,0.13562017802273452,0.6976108551025391,,,
92,14,inter_node,0,8,0,2,-0.6737728714942932,0.8432197142158641,-0.6735755205154419,,,
92,14,inter_node,0,12,0,3,-0.5902761220932007,0.9976878006926513,-0.5899067521095276,,,
92,14,inter_node,4,8,1,2,-0.7913141250610352,0.8644822844843637,-0.7907493710517883,,,
92,14,inter_node,4,12,1,3,-0.6624447703361511,0.9980013815743379,-0.6615296602249146,,,
92,14,inter_node,8,12,2,3,0.7130467295646667,0.9852519767024008,0.7121407985687256,,,
92,14,inter_node,1,5,0,1,0.7456963062286377,0.8811384435224615,0.7454635500907898,,,
92,14,inter_node,1,9,0,2,0.721219539642334,0.9574114361885224,0.7212656736373901,,,
92,14,inter_node,1,13,0,3,0.7316510081291199,0.9330574295612558,0.731435239315033,,,
92,14,inter_node,5,9,1,2,0.791326105594635,0.6416960615897233,0.7913905382156372,,,
92,14,inter_node,5,13,1,3,0.7290757894515991,0.9920431018830436,0.7288649082183838,,,
92,14,inter_node,9,13,2,3,0.7364237904548645,0.9971490120671652,0.7364339828491211,,,
92,14,inter_node,2,6,0,1,-0.711458146572113,0.938658461191276,-0.7111837863922119,,,
92,14,inter_node,2,10,0,2,0.8003580570220947,0.9312097776218706,0.8001466989517212,,,
92,14,inter_node,2,14,0,3,0.5081141591072083,0.9842583326592197,0.5078023076057434,,,
92,14,inter_node,6,10,1,2,-0.6751652956008911,0.10828113810217302,-0.6748868227005005,,,
92,14,inter_node,6,14,1,3,-0.46216022968292236,0.7433767126405775,-0.4618586301803589,,,
92,14,inter_node,10,14,2,3,0.5394949316978455,0.7711641742593768,0.5392283201217651,,,
92,14,inter_node,3,7,0,1,0.7329142093658447,0.5588017963064238,0.7323708534240723,,,
92,14,inter_node,3,11,0,2,-0.6596585512161255,0.282015780490317,-0.6592559218406677,,,
92,14,inter_node,3,15,0,3,-0.7005150318145752,0.9217295352582909,-0.7002577781677246,,,
92,14,inter_node,7,11,1,2,-0.7222890257835388,0.6832266520719935,-0.7220137715339661,,,
92,14,inter_node,7,15,1,3,-0.7883176207542419,0.9654672115536965,-0.7883036136627197,,,
92,14,inter_node,11,15,2,3,0.885071873664856,0.8909858147089074,0.8849840760231018,,,
92,14,cluster_edge,0,15,0,3,0.7203278541564941,0.49709189876488674,0.7201263308525085,,,
92,14,cluster_edge,1,14,0,3,0.5716648101806641,0.4287543174544631,0.5714189410209656,,,
92,14,cluster_edge,2,13,0,3,0.8836736679077148,0.5883525632132769,0.8836105465888977,,,
92,14,cluster_edge,3,12,0,3,0.7374054789543152,0.98514351783686,0.7368713021278381,,,
92,14,global_diversity,-1,-1,-1,-1,0.09791968017816544,0.7660558223724365,0.09794764965772629,120,4,
93,14,intra_node,0,1,0,0,0.822935938835144,0.8095785223602069,0.8227269649505615,,,
93,14,intra_node,0,2,0,0,-0.7456216812133789,0.5098987483117342,-0.7452598810195923,,,
93,14,intra_node,0,3,0,0,-0.660082221031189,0.6845806112937013,-0.6597567796707153,,,
93,14,intra_node,1,2,0,0,-0.7137701511383057,0.6114650248620203,-0.7134336829185486,,,
93,14,intra_node,1,3,0,0,-0.6681711077690125,0.9399373739263063,-0.6678792238235474,,,
93,14,intra_node,2,3,0,0,0.8156566619873047,0.8454125627882954,0.815501868724823,,,
93,14,intra_node,4,5,1,1,0.8792176246643066,0.6993473170391447,0.8790178298950195,,,
93,14,intra_node,4,6,1,1,-0.6470116376876831,0.951120338063606,-0.6472259759902954,,,
93,14,intra_node,4,7,1,1,0.8237747550010681,0.8260687211624217,0.8233159184455872,,,
93,14,intra_node,5,6,1,1,-0.720795750617981,0.9853041984966036,-0.7208507061004639,,,
93,14,intra_node,5,7,1,1,0.8522968292236328,0.9477070943666694,0.852006196975708,,,
93,14,intra_node,6,7,1,1,-0.7358187437057495,0.7189714106452403,-0.7359902858734131,,,
93,14,intra_node,8,9,2,2,0.8010294437408447,0.008532290543219093,0.8009074926376343,,,
93,14,intra_node,8,10,2,2,-0.5513639450073242,0.9418177484354346,-0.551292359828949,,,
93,14,intra_node,8,11,2,2,0.828729510307312,0.050191999294588674,0.8285897374153137,,,
93,14,intra_node,9,10,2,2,-0.5024632215499878,0.941317048442815,-0.5026610493659973,,,
93,14,intra_node,9,11,2,2,0.8432707786560059,0.05829603711688129,0.842755913734436,,,
93,14,intra_node,10,11,2,2,-0.5574100613594055,0.9447380319649209,-0.5575960278511047,,,
93,14,intra_node,12,13,3,3,0.828728973865509,0.23538152717972377,0.8283055424690247,,,
93,14,intra_node,12,14,3,3,-0.6699321269989014,0.8905559526630566,-0.6698349714279175,,,
93,14,intra_node,12,15,3,3,0.5294429659843445,0.8568283008177886,0.5290474891662598,,,
93,14,intra_node,13,14,3,3,-0.6929765939712524,0.9163170596659563,-0.6929302215576172,,,
93,14,intra_node,13,15,3,3,0.5553707480430603,0.81275406719625,0.5550185441970825,,,
93,14,intra_node,14,15,3,3,-0.5516994595527649,0.9843307097773915,-0.5514670610427856,,,
93,14,inter_node,0,4,0,1,0.7938518524169922,0.2121648607127426,0.7935218214988708,,,
93,14,inter_node,0,8,0,2,0.826856791973114,0.889253680500788,0.8266355991363525,,,
93,14,inter_node,0,12,0,3,0.8075750470161438,0.7079435533864249,0.807246208190918,,,
93,14,inter_node,4,8,1,2,0.7738997936248779,0.9127501579517873,0.7736652493476868,,,
93,14,inter_node,4,12,1,3,0.7884877920150757,0.7699076687024526,0.7879194021224976,,,
93,14,inter_node,8,12,2,3,0.8566541075706482,0.6208050848275151,0.8565088510513306,,,
93,14,inter_node,1,5,0,1,0.8191017508506775,0.954895864616977,0.8188905715942383,,,
93,14,inter_node,1,9,0,2,0.7025563716888428,0.4134098087545943,0.7022489309310913,,,
93,14,inter_node,1,13,0,3,0.7658113241195679,0.14728412602793298,0.765546441078186,,,
93,14,inter_node,5,9,1,2,0.7868746519088745,0.9735423565997139,0.786455512046814,,,
93,14,inter_node,5,13,1,3,0.7688108086585999,0.9471053175392152,0.7683373689651489,,,
93,14,inter_node,9,13,2,3,0.7461795806884766,0.4998052324087319,0.745438277721405,,,
93,14,inter_node,2,6,0,1,0.7254412174224854,0.8734077746249409,0.7254267334938049,,,
93,14,inter_node,2,10,0,2,0.6168283820152283,0.7425179053644492,0.6168227791786194,,,
93,14,inter_node,2,14,0,3,0.8147409558296204,0.8163414462799514,0.8146864175796509,,,
93,14,inter_node,6,10,1,2,0.6760593056678772,0.967404768645854,0.6759953498840332,,,
93,14,inter_node,6,14,1,3,0.670236349105835,0.9767502549754142,0.670129656791687,,,
93,14,inter_node,10,14,2,3,0.5807493925094604,0.28671329950144575,0.5806555151939392,,,
93,14,inter_node,3,7,0,1,-0.6753407716751099,0.9303644951690199,-0.6750503182411194,,,
93,14,inter_node,3,11,0,2,-0.7468439340591431,0.9668217472523291,-0.7467382550239563,,,
93,14,inter_node,3,15,0,3,-0.5413812398910522,0.986810985007909,-0.5410769581794739,,,
93,14,inter_node,7,11,1,2,0.8760589361190796,0.5235440192729067,0.8757461309432983,,,
93,14,inter_node,7,15,1,3,0.5799387097358704,0.8105992765600892,0.5796162486076355,,,
93,14,inter_node,11,15,2,3,0.5802200436592102,0.6024801217714242,0.5799371600151062,,,
93,14,cluster_edge,0,15,0,3,0.5689907073974609,0.9581857822812156,0.5686456561088562,,,
93,14,cluster_edge,1,14,0,3,-0.7150679230690002,0.9286422283965036,-0.7149108052253723,,,
93,14,cluster_edge,2,13,0,3,-0.7316890358924866,0.5443558786725398,-0.7312629222869873,,,
93,14,cluster_edge,3,12,0,3,-0.6717817783355713,0.9078797341414124,-0.6714884638786316,,,
93,14,global_diversity,-1,-1,-1,-1,0.10970596969127655,0.7020769119262695,0.109603151679039,120,4,
94,14,intra_node,0,1,0,0,-0.7331406474113464,0.46592600489348024,-0.7328829169273376,,,
94,14,intra_node,0,2,0,0,-0.7691242098808289,0.8312519373404,-0.7690049409866333,,,
94,14,intra_node,0,3,0,0,0.8463839888572693,0.35591841636624705,0.8462971448898315,,,
94,14,intra_node,1,2,0,0,0.723939061164856,0.9098760480089021,0.7233123183250427,,,
94,14,intra_node,1,3,0,0,-0.7519273161888123,0.17079759974908285,-0.7514270544052124,,,
94,14,intra_node,2,3,0,0,-0.7398973107337952,0.8913124805670771,-0.7392810583114624,,,
94,14,intra_node,4,5,1,1,-0.5679578185081482,0.884517869505113,-0.5678215622901917,,,
94,14,intra_node,4,6,1,1,-0.6837997436523438,0.9072624070923555,-0.6838778853416443,,,
94,14,intra_node,4,7,1,1,0.6724585890769958,0.48943799989932973,0.6724361181259155,,,
94,14,intra_node,5,6,1,1,0.7039951086044312,0.9892904651940577,0.7039483189582825,,,
94,14,intra_node,5,7,1,1,-0.6315189003944397,0.9410392124786439,-0.6313349008560181,,,
94,14,intra_node,6,7,1,1,-0.7411712408065796,0.8183617408084445,-0.7407153844833374,,,
94,14,intra_node,8,9,2,2,-0.7298479080200195,0.10949853014178122,-0.7297853827476501,,,
94,14,intra_node,8,10,2,2,-0.6088386178016663,0.9877729075418592,-0.6082825660705566,,,
94,14,intra_node,8,11,2,2,-0.6989443302154541,0.9655522458118782,-0.6983448266983032,,,
94,14,intra_node,9,10,2,2,0.6503774523735046,0.9862694303468275,0.6501873731613159,,,
94,14,intra_node,9,11,2,2,0.7272791266441345,0.9613164544314492,0.72725909948349,,,
94,14,intra_node,10,11,2,2,0.7643875479698181,0.6450540029005165,0.7640666961669922,,,
94,14,intra_node,12,13,3,3,0.5246095657348633,0.9259097423758988,0.5238597393035889,,,
94,14,intra_node,12,14,3,3,-0.6811522245407104,0.36316124184611015,-0.6807219982147217,,,
94,14,intra_node,12,15,3,3,-0.6830377578735352,0.5935133487280335,-0.6825191974639893,,,
94,14,intra_node,13,14,3,3,-0.42673173546791077,0.8836593145824245,-0.42590492963790894,,,
94,14,intra_node,13,15,3,3,-0.4646649956703186,0.9698832992865019,-0.463714599609375,,,
94,14,intra_node,14,15,3,3,0.8463640809059143,0.7411335457978275,0.8461552858352661,,,
94,14,inter_node,0,4,0,1,-0.6111108064651489,0.4114825104110784,-0.6109817028045654,,,
94,14,inter_node,0,8,0,2,0.694384753704071,0.9255645430690564,0.6940709948539734,,,
94,14,inter_node,0,12,0,3,0.7430933713912964,0.10883566868890575,0.7428398728370667,,,
94,14,inter_node,4,8,1,2,-0.6762663722038269,0.9561934317505968,-0.6762883067131042,,,
94,14,inter_node,4,12,1,3,-0.6495252847671509,0.47553420492560483,-0.6494725346565247,,,
94,14,inter_node,8,12,2,3,0.7923771739006042,0.9164739270686103,0.7920423746109009,,,
94,14,inter_node,1,5,0,1,-0.6673650145530701,0.8727456229774377,-0.6672515273094177,,,
94,14,inter_node,1,9,0,2,0.7208424210548401,0.9553576909120456,0.7207836508750916,,,
94,14,inter_node,1,13,0,3,-0.36149609088897705,0.84433109258418,-0.3603351414203644,,,
94,14,inter_node,5,9,1,2,-0.6881763935089111,0.9943190707681637,-0.6880437135696411,,,
94,14,inter_node,5,13,1,3,0.4574754238128662,0.18253182902708634,0.4571155309677124,,,
94,14,inter_node,9,13,2,3,-0.4823552370071411,0.9930505805197588,-0.48201191425323486,,,
94,14,inter_node,2,6,0,1,-0.8347188830375671,0.06619187175868829,-0.834330677986145,,,
94,14,inter_node,2,10,0,2,0.6754524111747742,0.9722807080208392,0.6749792695045471,,,
94,14,inter_node,2,14,0,3,0.7747719287872314,0.8794102244791262,0.7744779586791992,,,
94,14,inter_node,6,10,1,2,-0.611566424369812,0.9741154998407655,-0.6109910607337952,,,
94,14,inter_node,6,14,1,3,-0.7141584753990173,0.8873922874358129,-0.7137333750724792,,,
94,14,inter_node,10,14,2,3,0.7545502185821533,0.7701356366289724,0.754252016544342,,,
94,14,inter_node,3,7,0,1,-0.6301407217979431,0.44123396944795523,-0.6294865608215332,,,
94,14,inter_node,3,11,0,2,-0.8027858138084412,0.28147782919425446,-0.8023656010627747,,,
94,14,inter_node,3,15,0,3,-0.8021105527877808,0.7666837619516069,-0.8017229437828064,,,
94,14,inter_node,7,11,1,2,0.7218140363693237,0.5985142187552352,0.7213195562362671,,,
94,14,inter_node,7,15,1,3,0.6805890798568726,0.5824437684268613,0.6800492405891418,,,
94,14,inter_node,11,15,2,3,0.8314554691314697,0.8323571101532385,0.831120491027832,,,
94,14,cluster_edge,0,15,0,3,-0.8003169894218445,0.637753595232332,-0.8001470565795898,,,
94,14,cluster_edge,1,14,0,3,0.8621129989624023,0.25264018776204067,0.8619311451911926,,,
94,14,cluster_edge,2,13,0,3,-0.5355631709098816,0.98597050286155,-0.5345723032951355,,,
94,14,cluster_edge,3,12,0,3,0.7008008360862732,0.42601746621123593,0.7002939581871033,,,
94,14,global_diversity,-1,-1,-1,-1,-0.018212277442216873,0.7085476517677307,-0.018158741295337677,120,4,
95,14,intra_node,0,1,0,0,-0.5795947909355164,0.9999364661587019,-0.5791847705841064,,,
95,14,intra_node,0,2,0,0,-0.6219817996025085,0.984065755063276,-0.6216111779212952,,,
95,14,intra_node,0,3,0,0,-0.6111330986022949,0.05006646865982565,-0.6104790568351746,,,
95,14,intra_node,1,2,0,0,0.7525104880332947,0.9960127485456376,0.752323567867279,,,
95,14,intra_node,1,3,0,0,0.5647739171981812,0.9999331175927557,0.5643252730369568,,,
95,14,intra_node,2,3,0,0,0.7468407154083252,0.9832259369618801,0.746627688407898,,,
95,14,intra_node,4,5,1,1,0.7618964314460754,0.950332842295332,0.7617581486701965,,,
95,14,intra_node,4,6,1,1,0.8044072985649109,0.900205471427733,0.8042173981666565,,,
95,14,intra_node,4,7,1,1,-0.5286944508552551,0.6252999472023605,-0.5281210541725159,,,
95,14,intra_node,5,6,1,1,0.7357528209686279,0.5023058035821961,0.735596239566803,,,
95,14,intra_node,5,7,1,1,-0.6023427844047546,0.8674482233620306,-0.6020834445953369,,,
95,14,intra_node,6,7,1,1,-0.6016583442687988,0.7336682292218355,-0.6011512279510498,,,
95,14,intra_node,8,9,2,2,0.865803599357605,0.7424296363542894,0.8655568957328796,,,
95,14,intra_node,8,10,2,2,0.8521649837493896,0.9475499782386952,0.8518968224525452,,,
95,14,intra_node,8,11,2,2,0.8045998215675354,0.9884541560875313,0.8042454719543457,,,
95,14,intra_node,9,10,2,2,0.8784298300743103,0.7963662394271024,0.8781344294548035,,,
95,14,intra_node,9,11,2,2,0.8326400518417358,0.9551740202209361,0.8322904706001282,,,
95,14,intra_node,10,11,2,2,0.8750538229942322,0.7798696068227993,0.8747915625572205,,,
95,14,intra_node,12,13,3,3,-0.6316388845443726,0.9872992505596535,-0.6314471364021301,,,
95,14,intra_node,12,14,3,3,0.9123420715332031,0.8927931915874416,0.9123153686523438,,,
95,14,intra_node,12,15,3,3,0.8828550577163696,0.9242426787799908,0.8824881911277771,,,
95,14,intra_node,13,14,3,3,-0.6433489918708801,0.8815303838589159,-0.6430520415306091,,,
95,14,intra_node,13,15,3,3,-0.6548699736595154,0.8323495440993499,-0.6546618938446045,,,
95,14,intra_node,14,15,3,3,0.9035454988479614,0.2933534507577518,0.9034309387207031,,,
95,14,inter_node,0,4,0,1,-0.597156286239624,0.999271541909216,-0.596699059009552,,,
95,14,inter_node,0,8,0,2,0.7405956983566284,0.4135027330636446,0.7401828765869141,,,
95,14,inter_node,0,12,0,3,0.7252457141876221,0.9981477387195091,0.7247700691223145,,,
95,14,inter_node,4,8,1,2,-0.6318860650062561,0.998757951431574,-0.6314577460289001,,,
95,14,inter_node,4,12,1,3,-0.5079953074455261,0.6067195819204355,-0.5073122978210449,,,
95,14,inter_node,8,12,2,3,0.7833558917045593,0.9968418245319941,0.782954752445221,,,
95,14,inter_node,1,5,0,1,0.690474271774292,0.9956681855068139,0.6902939677238464,,,
95,14,inter_node,1,9,0,2,-0.6322471499443054,0.9995794252164499,-0.6318950653076172,,,
95,14,inter_node,1,13,0,3,0.6216630935668945,0.9995643555216485,0.6214004755020142,,,
95,14,inter_node,5,9,1,2,-0.696284294128418,0.9029102506093865,-0.6961820125579834,,,
95,14,inter_node,5,13,1,3,0.6120291948318481,0.8994314093928144,0.6118094325065613,,,
95,14,inter_node,9,13,2,3,-0.7068842649459839,0.03459172685595381,-0.7067018151283264,,,
95,14,inter_node,2,6,0,1,0.7706430554389954,0.5418936079520227,0.7704457640647888,,,
95,14,inter_node,2,10,0,2,-0.6798820495605469,0.48201185137633995,-0.6796184778213501,,,
95,14,inter_node,2,14,0,3,-0.7024359703063965,0.07774374915541424,-0.7021565437316895,,,
95,14,inter_node,6,10,1,2,-0.6736459732055664,0.7627063181104037,-0.6732386946678162,,,
95,14,inter_node,6,14,1,3,-0.6875613331794739,0.5775085163818925,-0.6871842741966248,,,
95,14,inter_node,10,14,2,3,0.8991976976394653,0.43834682806508957,0.8990567922592163,,,
95,14,inter_node,3,7,0,1,-0.7367514371871948,0.9979534253094164,-0.7362624406814575,,,
95,14,inter_node,3,11,0,2,-0.7332024574279785,0.9928714950302014,-0.7326826453208923,,,
95,14,inter_node,3,15,0,3,-0.7545721530914307,0.974261429621072,-0.754026472568512,,,
95,14,inter_node,7,11,1,2,0.8972365856170654,0.7129026774542087,0.8970454335212708,,,
95,14,inter_node,7,15,1,3,0.8460548520088196,0.9204860774917383,0.8457612991333008,,,
95,14,inter_node,11,15,2,3,0.8471624851226807,0.723041922497973,0.8468366265296936,,,
95,14,cluster_edge,0,15,0,3,0.7505475282669067,0.9755500689482973,0.7501136064529419,,,
95,14,cluster_edge,1,14,0,3,-0.5129424333572388,0.9963227324225251,-0.5124489068984985,,,
95,14,cluster_edge,2,13,0,3,0.6539108753204346,0.8907406559787265,0.653666615486145,,,
95,14,cluster_edge,3,12,0,3,-0.7167167663574219,0.9980501148560598,-0.7160618901252747,,,
95,14,global_diversity,-1,-1,-1,-1,0.03779376670718193,0.8138659596443176,0.0378619059920311,120,4,
96,14,intra_node,0,1,0,0,0.8584760427474976,0.9884003151440994,0.8584997653961182,,,
96,14,intra_node,0,2,0,0,0.607133686542511,0.21823674276664073,0.6067411303520203,,,
96,14,intra_node,0,3,0,0,-0.4829697012901306,0.6075257576125848,-0.4822196662425995,,,
96,14,intra_node,1,2,0,0,0.6083377599716187,0.9851621513948461,0.6081135869026184,,,
96,14,intra_node,1,3,0,0,-0.4365828335285187,0.9704447232375306,-0.43618711829185486,,,
96,14,intra_node,2,3,0,0,-0.4456977844238281,0.4979627927559913,-0.4451536536216736,,,
96,14,intra_node,4,5,1,1,0.7582299709320068,0.6557104869095789,0.7579280138015747,,,
96,14,intra_node,4,6,1,1,0.6493911743164062,0.9257134679216272,0.64985191822052,,,
96,14,intra_node,4,7,1,1,-0.7777135968208313,0.7798734697971662,-0.7774813771247864,,,
96,14,intra_node,5,6,1,1,0.7301558256149292,0.9744239260415611,0.7309616208076477,,,
96,14,intra_node,5,7,1,1,-0.7691663503646851,0.9242127440981824,-0.7686870098114014,,,
96,14,intra_node,6,7,1,1,-0.5939909815788269,0.6625280378066103,-0.5949878096580505,,,
96,14,intra_node,8,9,2,2,-0.6882396340370178,0.12333450169817782,-0.6878920793533325,,,
96,14,intra_node,8,10,2,2,-0.7277488708496094,0.019817606317966717,-0.7274733185768127,,,
96,14,intra_node,8,11,2,2,-0.7112866044044495,0.4066203857365349,-0.7109760642051697,,,
96,14,intra_node,9,10,2,2,0.8475659489631653,0.14070791341606745,0.8474027514457703,,,
96,14,intra_node,9,11,2,2,0.7677580714225769,0.3231402223392008,0.7674859762191772,,,
96,14,intra_node,10,11,2,2,0.7888843417167664,0.4183797493291152,0.7886623740196228,,,
96,14,intra_node,12,13,3,3,-0.7157003879547119,0.950720027623047,-0.7154730558395386,,,
96,14,intra_node,12,14,3,3,0.6898319721221924,0.4083240446717771,0.6897186636924744,,,
96,14,intra_node,12,15,3,3,-0.6740687489509583,0.5884127924094648,-0.6738669872283936,,,
96,14,intra_node,13,14,3,3,-0.6164906620979309,0.9708422252653178,-0.6163073778152466,,,
96,14,intra_node,13,15,3,3,0.6527827978134155,0.8802684547329787,0.6525818109512329,,,
96,14,intra_node,14,15,3,3,-0.7073467373847961,0.7564737457479945,-0.7072195410728455,,,
96,14,inter_node,0,4,0,1,0.8532045483589172,0.5220861250558867,0.8530339598655701,,,
96,14,inter_node,0,8,0,2,-0.7110422849655151,0.327738641909884,-0.710692822933197,,,
96,14,inter_node,0,12,0,3,-0.8106169104576111,0.609703699682389,-0.8103275895118713,,,
96,14,inter_node,4,8,1,2,-0.7153279185295105,0.6787169693799605,-0.715027928352356,,,
96,14,inter_node,4,12,1,3,-0.777515709400177,0.18333339796160583,-0.7772477865219116,,,
96,14,inter_node,8,12,2,3,0.8480199575424194,0.737618879090935,0.8478493094444275,,,
96,14,inter_node,1,5,0,1,0.7792912721633911,0.9980913793245193,0.7792592644691467,,,
96,14,inter_node,1,9,0,2,0.8481918573379517,0.9848733779177309,0.8481526374816895,,,
96,14,inter_node,1,13,0,3,0.8451122641563416,0.9081307503689774,0.8450337648391724,,,
96,14,inter_node,5,9,1,2,0.8196917176246643,0.8738237350612543,0.8194463849067688,,,
96,14,inter_node,5,13,1,3,0.7787687182426453,0.9792245970970013,0.7786328792572021,,,
96,14,inter_node,9,13,2,3,0.8113012313842773,0.8353461888170133,0.8111632466316223,,,
96,14,inter_node,2,6,0,1,0.6504319310188293,0.8011684992283951,0.6507777571678162,,,
96,14,inter_node,2,10,0,2,0.6333903670310974,0.15711215504720408,0.633073091506958,,,
96,14,inter_node,2,14,0,3,-0.652572751045227,0.8194682425284213,-0.6524045467376709,,,
96,14,inter_node,6,10,1,2,0.7132568955421448,0.7641068121195411,0.713718593120575,,,
96,14,inter_node,6,14,1,3,-0.6630724668502808,0.9641045997249906,-0.663268506526947,,,
96,14,inter_node,10,14,2,3,-0.6518433690071106,0.8478319759992402,-0.6516735553741455,,,
96,14,inter_node,3,7,0,1,0.6376358866691589,0.14790422661779576,0.6370276808738708,,,
96,14,inter_node,3,11,0,2,-0.5192728042602539,0.6535778655821952,-0.5186883211135864,,,
96,14,inter_node,3,15,0,3,-0.5501258373260498,0.6278279743665969,-0.5498053431510925,,,
96,14,inter_node,7,11,1,2,-0.763927698135376,0.5934469513412097,-0.763648509979248,,,
96,14,inter_node,7,15,1,3,-0.7085464000701904,0.5632274713015542,-0.7085138559341431,,,
96,14,inter_node,11,15,2,3,0.7796923518180847,0.06918814269227887,0.7795701026916504,,,
96,14,cluster_edge,0,15,0,3,0.6743937134742737,0.051728787679196524,0.6741989850997925,,,
96,14,cluster_edge,1,14,0,3,-0.5823459625244141,0.9973212971142144,-0.5821695327758789,,,
96,14,cluster_edge,2,13,0,3,0.6335393786430359,0.8384894982298475,0.6332758665084839,,,
96,14,cluster_edge,3,12,0,3,0.5745352506637573,0.8468187552262345,0.5739446878433228,,,
96,14,global_diversity,-1,-1,-1,-1,0.10457031428813934,0.6527796387672424,0.1046256273984909,120,4,
97,14,intra_node,0,1,0,0,-0.5313512682914734,0.7001504285704482,-0.5319001078605652,,,
97,14,intra_node,0,2,0,0,-0.5156584978103638,0.17464520397932062,-0.5161769986152649,,,
97,14,intra_node,0,3,0,0,0.7123469114303589,0.8617374602826026,0.7125903964042664,,,
97,14,intra_node,1,2,0,0,0.589448869228363,0.7525177181358741,0.5885377526283264,,,
97,14,intra_node,1,3,0,0,-0.5796948671340942,0.5388936557146905,-0.5792586207389832,,,
97,14,intra_node,2,3,0,0,-0.5482469797134399,0.8858843497342463,-0.5477649569511414,,,
97,14,intra_node,4,5,1,1,-0.7678148746490479,0.9790154751097973,-0.7674386501312256,,,
97,14,intra_node,4,6,1,1,0.8663726449012756,0.566489108964493,0.8664963245391846,,,
97,14,intra_node,4,7,1,1,0.8238786458969116,0.9448153942076635,0.823729932308197,,,
97,14,intra_node,5,6,1,1,-0.7187036871910095,0.9515940076151768,-0.7187930941581726,,,
97,14,intra_node,5,7,1,1,-0.682151198387146,0.6197395163214732,-0.6818445324897766,,,
97,14,intra_node,6,7,1,1,0.8299888372421265,0.8727030694418781,0.8299708366394043,,,
97,14,intra_node,8,9,2,2,-0.6320964694023132,0.9825759387298751,-0.631699800491333,,,
97,14,intra_node,8,10,2,2,-0.8078081607818604,0.9411870516056497,-0.8074974417686462,,,
97,14,intra_node,8,11,2,2,0.6732009053230286,0.9524914001118474,0.6729750633239746,,,
97,14,intra_node,9,10,2,2,0.6814794540405273,0.7037376675405943,0.6811360716819763,,,
97,14,intra_node,9,11,2,2,-0.5856339931488037,0.6332440587357753,-0.5853517651557922,,,
97,14,intra_node,10,11,2,2,-0.6061945557594299,0.19220849855035568,-0.6059273481369019,,,
97,14,intra_node,12,13,3,3,-0.4932534098625183,0.8640487254468883,-0.4926564693450928,,,
97,14,intra_node,12,14,3,3,-0.5969073176383972,0.9796465746823844,-0.5969039797782898,,,
97,14,intra_node,12,15,3,3,0.8708995580673218,0.7646733025788828,0.8705624341964722,,,
97,14,intra_node,13,14,3,3,0.6488944292068481,0.9972329258865485,0.648774266242981,,,
97,14,intra_node,13,15,3,3,-0.5609861016273499,0.9680070355492246,-0.5605029463768005,,,
97,14,intra_node,14,15,3,3,-0.6397837996482849,0.9135099181662623,-0.6399157047271729,,,
97,14,inter_node,0,4,0,1,0.6634360551834106,0.8251591933601553,0.6638757586479187,,,
97,14,inter_node,0,8,0,2,0.6831391453742981,0.8837048608027384,0.6835944652557373,,,
97,14,inter_node,0,12,0,3,-0.5473077893257141,0.9489563631902935,-0.5479288697242737,,,
97,14,inter_node,4,8,1,2,0.8612880110740662,0.33485127738618564,0.8610875010490417,,,
97,14,inter_node,4,12,1,3,-0.719962477684021,0.9910754893663597,-0.7194843292236328,,,
97,14,inter_node,8,12,2,3,-0.7552356719970703,0.9940638731520807,-0.7548244595527649,,,
97,14,inter_node,1,5,0,1,0.8801878690719604,0.599730123785909,0.8799369931221008,,,
97,14,inter_node,1,9,0,2,0.6864768266677856,0.5003287126274627,0.6861386895179749,,,
97,14,inter_node,1,13,0,3,-0.5249956250190735,0.9768569037833822,-0.5244561433792114,,,
97,14,inter_node,5,9,1,2,0.6789748072624207,0.19893360629372334,0.6786209344863892,,,
97,14,inter_node,5,13,1,3,-0.5232644081115723,0.9421812692088791,-0.5227333903312683,,,
97,14,inter_node,9,13,2,3,-0.46450275182724,0.9536833578364828,-0.4640514552593231,,,
97,14,inter_node,2,6,0,1,-0.48518553376197815,0.5113452670686894,-0.4850239157676697,,,
97,14,inter_node,2,10,0,2,0.6127892136573792,0.582600361799673,0.6119123697280884,,,
97,14,inter_node,2,14,0,3,-0.5359593629837036,0.516879775016602,-0.5358481407165527,,,
97,14,inter_node,6,10,1,2,-0.7383613586425781,0.7960356912695936,-0.7385395765304565,,,
97,14,inter_node,6,14,1,3,0.7327798008918762,0.011326009091761865,0.7327088117599487,,,
97,14,inter_node,10,14,2,3,-0.6337483525276184,0.7983457928846691,-0.63377845287323,,,
97,14,inter_node,3,7,0,1,0.7086427807807922,0.5619442483066468,0.7084164023399353,,,
97,14,inter_node,3,11,0,2,0.7733893990516663,0.6615505121166202,0.7732470035552979,,,
97,14,inter_node,3,15,0,3,-0.6286505460739136,0.3625676209152095,-0.62831711769104,,,
97,14,inter_node,7,11,1,2,0.6623013019561768,0.22738261836520646,0.6620824337005615,,,
97,14,inter_node,7,15,1,3,-0.702120840549469,0.3127808281055589,-0.7019035816192627,,,
97,14,inter_node,11,15,2,3,-0.5700458288192749,0.46904252280168585,-0.5697577595710754,,,
97,14,cluster_edge,0,15,0,3,-0.6048396229743958,0.7830945771598372,-0.6056711673736572,,,
97,14,cluster_edge,1,14,0,3,-0.6262081861495972,0.8804363043063987,-0.626215398311615,,,
97,14,cluster_edge,2,13,0,3,-0.42288923263549805,0.9942724937389104,-0.42219939827919006,,,
97,14,cluster_edge,3,12,0,3,-0.5679155588150024,0.6308209229048053,-0.5674617290496826,,,
97,14,global_diversity,-1,-1,-1,-1,0.027771998196840286,0.742344856262207,0.027792828157544136,120,4,
98,14,intra_node,0,1,0,0,-0.5102267265319824,0.022078560574135795,-0.5103021860122681,,,
98,14,intra_node,0,2,0,0,0.5577871799468994,0.2723189655791554,0.5577887296676636,,,
98,14,intra_node,0,3,0,0,-0.5801371335983276,0.5503878693674861,-0.5805954337120056,,,
98,14,intra_node,1,2,0,0,-0.593666136264801,0.2883851153762658,-0.5935726761817932,,,
98,14,intra_node,1,3,0,0,0.640445351600647,0.5603146580285223,0.6401404738426208,,,
98,14,intra_node,2,3,0,0,-0.6572988033294678,0.38213020627869393,-0.6574541926383972,,,
98,14,intra_node,4,5,1,1,0.603678822517395,0.9545734026965094,0.6037769913673401,,,
98,14,intra_node,4,6,1,1,0.6655770540237427,0.995367417500952,0.6658519506454468,,,
98,14,intra_node,4,7,1,1,0.6592082381248474,0.8007071465926272,0.6592182517051697,,,
98,14,intra_node,5,6,1,1,0.8233400583267212,0.898020481963503,0.8231118321418762,,,
98,14,intra_node,5,7,1,1,0.7970517873764038,0.7720610823377869,0.7969456315040588,,,
98,14,intra_node,6,7,1,1,0.8273267149925232,0.9767548990350468,0.8273164629936218,,,
98,14,intra_node,8,9,2,2,-0.48414915800094604,0.9844994967604395,-0.48384889960289,,,
98,14,intra_node,8,10,2,2,0.6815856099128723,0.89948939577696,0.6811534762382507,,,
98,14,intra_node,8,11,2,2,-0.6804994940757751,0.2603897569423822,-0.6801067590713501,,,
98,14,intra_node,9,10,2,2,-0.510750412940979,0.8457824091360161,-0.5104742050170898,,,
98,14,intra_node,9,11,2,2,0.6756666898727417,0.9790423356287224,0.6755192875862122,,,
98,14,intra_node,10,11,2,2,-0.5524032115936279,0.8641032825511992,-0.5518612861633301,,,
98,14,intra_node,12,13,3,3,0.661866307258606,0.8190839638921996,0.6618082523345947,,,
98,14,intra_node,12,14,3,3,0.6050943732261658,0.9438798433834997,0.6050041913986206,,,
98,14,intra_node,12,15,3,3,-0.5193923711776733,0.8880979828428275,-0.5193015933036804,,,
98,14,intra_node,13,14,3,3,0.6338769197463989,0.9898469637191938,0.6335589289665222,,,
98,14,intra_node,13,15,3,3,-0.645913302898407,0.3814698820258547,-0.6455255746841431,,,
98,14,intra_node,14,15,3,3,-0.6665623188018799,0.9937200412714372,-0.6662101745605469,,,
98,14,inter_node,0,4,0,1,0.6080769896507263,0.9751118999733684,0.6080698370933533,,,
98,14,inter_node,0,8,0,2,-0.47157755494117737,0.18131032787002083,-0.4717616140842438,,,
98,14,inter_node,0,12,0,3,0.5992262363433838,0.7815913435244123,0.5992342233657837,,,
98,14,inter_node,4,8,1,2,-0.48595941066741943,0.9796243695492589,-0.4860144257545471,,,
98,14,inter_node,4,12,1,3,0.6108525395393372,0.8860480146334614,0.6108201742172241,,,
98,14,inter_node,8,12,2,3,-0.4587128758430481,0.8211910886396518,-0.45855581760406494,,,
98,14,inter_node,1,5,0,1,-0.6933612823486328,0.46422122616812883,-0.6931086182594299,,,
98,14,inter_node,1,9,0,2,-0.6538390517234802,0.9814847127600631,-0.6536761522293091,,,
98,14,inter_node,1,13,0,3,-0.550171434879303,0.15296130810913586,-0.5498245358467102,,,
98,14,inter_node,5,9,1,2,0.7832423448562622,0.9654422904671712,0.7831810712814331,,,
98,14,inter_node,5,13,1,3,0.6223311424255371,0.5461746482705607,0.6219542026519775,,,
98,14,inter_node,9,13,2,3,0.5919703245162964,0.9843168353163002,0.5917638540267944,,,
98,14,inter_node,2,6,0,1,0.6725762486457825,0.8645520380687971,0.6726701855659485,,,
98,14,inter_node,2,10,0,2,-0.7171095609664917,0.8312858469932117,-0.7171618938446045,,,
98,14,inter_node,2,14,0,3,0.6463629603385925,0.9831559056399419,0.6463064551353455,,,
98,14,inter_node,6,10,1,2,-0.7272247076034546,0.9771480118262814,-0.7268175482749939,,,
98,14,inter_node,6,14,1,3,0.7564773559570312,0.9977185017483533,0.7562400102615356,,,
98,14,inter_node,10,14,2,3,-0.535361647605896,0.9001619362699205,-0.5348803997039795,,,
98,14,inter_node,3,7,0,1,-0.5423256754875183,0.7222449280068414,-0.541994571685791,,,
98,14,inter_node,3,11,0,2,-0.5715640783309937,0.5023151568433339,-0.5709445476531982,,,
98,14,inter_node,3,15,0,3,0.751443088054657,0.7696405208108771,0.7509900331497192,,,
98,14,inter_node,7,11,1,2,0.6965728998184204,0.8617655105591163,0.6963814496994019,,,
98,14,inter_node,7,15,1,3,-0.777219295501709,0.9360164862735186,-0.7771337628364563,,,
98,14,inter_node,11,15,2,3,-0.6938818693161011,0.5371378446487909,-0.6934864521026611,,,
98,14,cluster_edge,0,15,0,3,-0.551172137260437,0.4876484340734904,-0.5514636635780334,,,
98,14,cluster_edge,1,14,0,3,-0.5990215539932251,0.988013491735376,-0.5987171530723572,,,
98,14,cluster_edge,2,13,0,3,0.7212139368057251,0.397234658998244,0.7211995720863342,,,
98,14,cluster_edge,3,12,0,3,-0.5870198011398315,0.5142287282855765,-0.5870683789253235,,,
98,14,global_diversity,-1,-1,-1,-1,0.07868276536464691,0.7076419591903687,0.07871564477682114,120,4,
99,14,intra_node,0,1,0,0,0.6980692148208618,0.714430086080515,0.6978729367256165,,,
99,14,intra_node,0,2,0,0,0.6269806027412415,0.8125995174335672,0.6266745328903198,,,
99,14,intra_node,0,3,0,0,-0.5078293085098267,0.944147521470254,-0.5075260996818542,,,
99,14,intra_node,1,2,0,0,0.7451909780502319,0.9464840603250338,0.744995653629303,,,
99,14,intra_node,1,3,0,0,-0.5761767029762268,0.9840502125140705,-0.5759130120277405,,,
99,14,intra_node,2,3,0,0,-0.555662989616394,0.7019619279264854,-0.5553104281425476,,,
99,14,intra_node,4,5,1,1,-0.701667845249176,0.2186518527317639,-0.7013348937034607,,,
99,14,intra_node,4,6,1,1,0.8042386770248413,0.983183469475344,0.8040514588356018,,,
99,14,intra_node,4,7,1,1,0.8156093955039978,0.9350012506430347,0.815440833568573,,,
99,14,intra_node,5,6,1,1,-0.5907546281814575,0.9784775447622801,-0.590242862701416,,,
99,14,intra_node,5,7,1,1,-0.6551961898803711,0.916812051600538,-0.6548048257827759,,,
99,14,intra_node,6,7,1,1,0.8326947689056396,0.7412791678144194,0.8325362801551819,,,
99,14,intra_node,8,9,2,2,0.8672196865081787,0.9691895621025445,0.866908848285675,,,
99,14,intra_node,8,10,2,2,0.5745782256126404,0.999095291793297,0.57457435131073,,,
99,14,intra_node,8,11,2,2,0.6768705248832703,0.9864670799722329,0.6764650344848633,,,
99,14,intra_node,9,10,2,2,0.5659582614898682,0.9706363080682585,0.5659979581832886,,,
99,14,intra_node,9,11,2,2,0.7115020155906677,0.560768332056563,0.7111651301383972,,,
99,14,intra_node,10,11,2,2,0.7059270143508911,0.9331475982384702,0.7058882713317871,,,
99,14,intra_node,12,13,3,3,0.6429539918899536,0.6306558242488447,0.6427337527275085,,,
99,14,intra_node,12,14,3,3,-0.623568058013916,0.9580669915766308,-0.6233304142951965,,,
99,14,intra_node,12,15,3,3,0.5666600465774536,0.7043211503736606,0.5663313269615173,,,
99,14,intra_node,13,14,3,3,-0.5531936287879944,0.8864663065605738,-0.5529003143310547,,,
99,14,intra_node,13,15,3,3,0.8646245002746582,0.19944899895875895,0.8645370602607727,,,
99,14,intra_node,14,15,3,3,-0.4940432906150818,0.8581805615235533,-0.49362072348594666,,,
99,14,inter_node,0,4,0,1,-0.4961150288581848,0.7011766647543427,-0.4957331120967865,,,
99,14,inter_node,0,8,0,2,0.515562117099762,0.9942524875633595,0.5151053071022034,,,
99,14,inter_node,0,12,0,3,-0.5270421504974365,0.9413613666017062,-0.5267497897148132,,,
99,14,inter_node,4,8,1,2,-0.5531978607177734,0.9807661860412754,-0.5526372194290161,,,
99,14,inter_node,4,12,1,3,0.6289107203483582,0.8037682252957654,0.6286472678184509,,,
99,14,inter_node,8,12,2,3,-0.437000036239624,0.9019842021623958,-0.4364667534828186,,,
99,14,inter_node,1,5,0,1,0.6641095876693726,0.9333236916985899,0.6638359427452087,,,
99,14,inter_node,1,9,0,2,0.6658868193626404,0.9467285522768192,0.6656643748283386,,,
99,14,inter_node,1,13,0,3,-0.6379315257072449,0.9546617204458392,-0.6376966834068298,,,
99,14,inter_node,5,9,1,2,0.7834510803222656,0.20104383280539023,0.7830203175544739,,,
99,14,inter_node,5,13,1,3,-0.6842767000198364,0.32002414786959704,-0.6840357780456543,,,
99,14,inter_node,9,13,2,3,-0.6783339977264404,0.14891970291935375,-0.6781436204910278,,,
99,14,inter_node,2,6,0,1,-0.5317018032073975,0.9731848516619657,-0.5311686992645264,,,
99,14,inter_node,2,10,0,2,0.7362778782844543,0.9705015419475905,0.736303448677063,,,
99,14,inter_node,2,14,0,3,0.6713257431983948,0.8659882477030862,0.6710519790649414,,,
99,14,inter_node,6,10,1,2,-0.5546861886978149,0.9992089944715814,-0.5545535683631897,,,
99,14,inter_node,6,14,1,3,-0.5180156230926514,0.9964064549831183,-0.5176281929016113,,,
99,14,inter_node,10,14,2,3,0.6722869277000427,0.7798815585438116,0.6722008585929871,,,
99,14,inter_node,3,7,0,1,0.7939037084579468,0.6522420565579649,0.79376620054245,,,
99,14,inter_node,3,11,0,2,-0.6052997708320618,0.8684914328367377,-0.6050116419792175,,,
99,14,inter_node,3,15,0,3,0.7118263244628906,0.7183700293919943,0.7116214632987976,,,
99,14,inter_node,7,11,1,2,-0.6090884208679199,0.9542668511382951,-0.6087139248847961,,,
99,14,inter_node,7,15,1,3,0.8076246380805969,0.9020609406097191,0.8074357509613037,,,
99,14,inter_node,11,15,2,3,-0.6016722917556763,0.5330448429215436,-0.6012527346611023,,,
99,14,cluster_edge,0,15,0,3,-0.5125213861465454,0.8016813394925012,-0.5121268033981323,,,
99,14,cluster_edge,1,14,0,3,0.6493707895278931,0.6006623392521774,0.649137556552887,,,
99,14,cluster_edge,2,13,0,3,-0.6272790431976318,0.15280793293499234,-0.6269741654396057,,,
99,14,cluster_edge,3,12,0,3,0.6161348223686218,0.04751398023933011,0.6159072518348694,,,
99,14,global_diversity,-1,-1,-1,-1,0.026726435869932175,0.7577733993530273,0.026798415929079056,120,4,
100,14,intra_node,0,1,0,0,0.7762523889541626,0.7379371673570939,0.7760984897613525,,,
100,14,intra_node,0,2,0,0,0.8010522723197937,0.6116189140719579,0.8009089231491089,,,
100,14,intra_node,0,3,0,0,-0.6556007862091064,0.9229862884742797,-0.655336856842041,,,
100,14,intra_node,1,2,0,0,0.7186278700828552,0.3252430611632303,0.7183827757835388,,,
100,14,intra_node,1,3,0,0,-0.5909593105316162,0.7061250130396733,-0.5905448794364929,,,
100,14,intra_node,2,3,0,0,-0.6204536557197571,0.8017058133979543,-0.6199241876602173,,,
100,14,intra_node,4,5,1,1,0.6768370866775513,0.9126779020728499,0.676579475402832,,,
100,14,intra_node,4,6,1,1,0.7671000361442566,0.9486426488967826,0.7669119238853455,,,
100,14,intra_node,4,7,1,1,-0.6717157959938049,0.8583886477157734,-0.6713733673095703,,,
100,14,intra_node,5,6,1,1,0.6886362433433533,0.41186306419180213,0.688396692276001,,,
100,14,intra_node,5,7,1,1,-0.5042307376861572,0.3833679537789681,-0.5037106871604919,,,
100,14,intra_node,6,7,1,1,-0.5151492357254028,0.6373359178144232,-0.5146343111991882,,,
100,14,intra_node,8,9,2,2,-0.420765221118927,0.9830695139344586,-0.4205525517463684,,,
100,14,intra_node,8,10,2,2,0.7697006464004517,0.9980365980018141,0.7698042392730713,,,
100,14,intra_node,8,11,2,2,0.6988141536712646,0.48860736238656166,0.6988075375556946,,,
100,14,intra_node,9,10,2,2,-0.5461708307266235,0.8840315635011773,-0.5455312728881836,,,
100,14,intra_node,9,11,2,2,-0.3641863167285919,0.9913418740748653,-0.36419057846069336,,,
100,14,intra_node,10,11,2,2,0.638923704624176,0.9989959306734522,0.6391770243644714,,,
100,14,intra_node,12,13,3,3,-0.6063329577445984,0.8544795582341317,-0.6060531139373779,,,
100,14,intra_node,12,14,3,3,0.7590399384498596,0.9932919068364303,0.7589279413223267,,,
100,14,intra_node,12,15,3,3,0.6340822577476501,0.4435968384542717,0.6338648200035095,,,
100,14,intra_node,13,14,3,3,-0.5058724880218506,0.9539027432698248,-0.5056085586547852,,,
100,14,intra_node,13,15,3,3,-0.639941394329071,0.738462230585459,-0.6397091746330261,,,
100,14,intra_node,14,15,3,3,0.613886296749115,0.9879438262986605,0.6137075424194336,,,
100,14,inter_node,0,4,0,1,0.7839886546134949,0.5820467421362069,0.7838350534439087,,,
100,14,inter_node,0,8,0,2,0.7949670553207397,0.9725723752224531,0.7949360013008118,,,
100,14,inter_node,0,12,0,3,0.802667498588562,0.7655924603343522,0.8025408983230591,,,
100,14,inter_node,4,8,1,2,0.7417417764663696,0.9343763345266582,0.7417067885398865,,,
100,14,inter_node,4,12,1,3,0.8100855350494385,0.9020286051289061,0.8099513053894043,,,
100,14,inter_node,8,12,2,3,0.7524585723876953,0.9935707579570227,0.7524086236953735,,,
100,14,inter_node,1,5,0,1,0.6950541734695435,0.860733569334936,0.6948237419128418,,,
100,14,inter_node,1,9,0,2,-0.5308164358139038,0.8382342192463869,-0.5303743481636047,,,
100,14,inter_node,1,13,0,3,-0.6645522117614746,0.5778634046722482,-0.6642921566963196,,,
100,14,inter_node,5,9,1,2,-0.4043416380882263,0.9774714571106969,-0.40376710891723633,,,
100,14,inter_node,5,13,1,3,-0.5392484068870544,0.9412105431156015,-0.5388890504837036,,,
100,14,inter_node,9,13,2,3,0.6142399311065674,0.6167928046417859,0.6138664484024048,,,
100,14,inter_node,2,6,0,1,0.787239670753479,0.9447321896287675,0.7870532274246216,,,
100,14,inter_node,2,10,0,2,0.841210126876831,0.9721978039894659,0.841017484664917,,,
100,14,inter_node,2,14,0,3,0.7721340656280518,0.926316637353187,0.7720482349395752,,,
100,14,inter_node,6,10,1,2,0.7263072729110718,0.9984634335029859,0.7260540723800659,,,
100,14,inter_node,6,14,1,3,0.7714255452156067,0.24992822821960342,0.7713208794593811,,,
100,14,inter_node,10,14,2,3,0.6946622133255005,0.997951440708978,0.6945515275001526,,,
100,14,inter_node,3,7,0,1,0.8874421715736389,0.2314754754038426,0.8872358798980713,,,
100,14,inter_node,3,11,0,2,-0.4821840524673462,0.817872881327411,-0.4823976457118988,,,
100,14,inter_node,3,15,0,3,-0.617355465888977,0.967554830944683,-0.6170967221260071,,,
100,14,inter_node,7,11,1,2,-0.4285496473312378,0.7630171675155158,-0.4286547601222992,,,
100,14,inter_node,7,15,1,3,-0.5711154341697693,0.9750650918763205,-0.5707889795303345,,,
100,14,inter_node,11,15,2,3,0.5714142918586731,0.9940908548451101,0.5714289546012878,,,
100,14,cluster_edge,0,15,0,3,0.6741307377815247,0.5787091881102066,0.6739375591278076,,,
100,14,cluster_edge,1,14,0,3,0.6758242845535278,0.8908001409013481,0.6756638288497925,,,
100,14,cluster_edge,2,13,0,3,-0.5492372512817383,0.3743871740608053,-0.5488197207450867,,,
100,14,cluster_edge,3,12,0,3,-0.6856828927993774,0.981947405360736,-0.6854614615440369,,,
100,14,global_diversity,-1,-1,-1,-1,0.20857731997966766,0.7826562523841858,0.208627387881279,120,4,
101,14,intra_node,0,1,0,0,0.7234820127487183,0.9846447909380481,0.7230631709098816,,,
101,14,intra_node,0,2,0,0,0.7269020676612854,0.6060899829950892,0.7264994382858276,,,
101,14,intra_node,0,3,0,0,-0.6628590822219849,0.9889769324453344,-0.6627122163772583,,,
101,14,intra_node,1,2,0,0,0.8204790353775024,0.9610184854431859,0.820138692855835,,,
101,14,intra_node,1,3,0,0,-0.5709164142608643,0.999830738493194,-0.5708277821540833,,,
101,14,intra_node,2,3,0,0,-0.6148799657821655,0.9956579032720954,-0.6147181987762451,,,
101,14,intra_node,4,5,1,1,0.6119173765182495,0.9953617252304551,0.6120323538780212,,,
101,14,intra_node,4,6,1,1,-0.4595552384853363,0.9997611366451078,-0.46026480197906494,,,
101,14,intra_node,4,7,1,1,-0.47180959582328796,0.9990202472158962,-0.47238263487815857,,,
101,14,intra_node,5,6,1,1,-0.5012169480323792,0.9485016807411658,-0.5011855363845825,,,
101,14,intra_node,5,7,1,1,-0.4984177052974701,0.7887678430486974,-0.4983307421207428,,,
101,14,intra_node,6,7,1,1,0.7309105396270752,0.7562003815985909,0.7303923964500427,,,
101,14,intra_node,8,9,2,2,0.7305124402046204,0.9799457243533934,0.7300750017166138,,,
101,14,intra_node,8,10,2,2,0.7884430289268494,0.7394312608029946,0.7881379127502441,,,
101,14,intra_node,8,11,2,2,-0.6670272350311279,0.8729235471035334,-0.6667522192001343,,,
101,14,intra_node,9,10,2,2,0.7420008182525635,0.9230365249937202,0.7416221499443054,,,
101,14,intra_node,9,11,2,2,-0.5978493690490723,0.8421873196055808,-0.5976030230522156,,,
101,14,intra_node,10,11,2,2,-0.6362936496734619,0.5123112108993655,-0.6359871625900269,,,
101,14,intra_node,12,13,3,3,0.7581511735916138,0.7294250871080139,0.7577652931213379,,,
101,14,intra_node,12,14,3,3,-0.5813441872596741,0.9500955059091851,-0.5810348987579346,,,
101,14,intra_node,12,15,3,3,-0.5644079446792603,0.9139659242046495,-0.5639466643333435,,,
101,14,intra_node,13,14,3,3,-0.5691624283790588,0.8155612670908008,-0.5688563585281372,,,
101,14,intra_node,13,15,3,3,-0.5195789933204651,0.6820323256291855,-0.5189807415008545,,,
101,14,intra_node,14,15,3,3,0.7350947856903076,0.4199450202786767,0.734924852848053,,,
101,14,inter_node,0,4,0,1,-0.4644779562950134,0.9974335854030828,-0.4649279713630676,,,
101,14,inter_node,0,8,0,2,0.7356393337249756,0.8762690725429032,0.7352733016014099,,,
101,14,inter_node,0,12,0,3,0.7649838328361511,0.019925661085348153,0.7646685242652893,,,
101,14,inter_node,4,8,1,2,-0.5747851729393005,0.999682455141684,-0.5753650665283203,,,
101,14,inter_node,4,12,1,3,-0.5697305798530579,0.9974847229105455,-0.570273756980896,,,
101,14,inter_node,8,12,2,3,0.7664452791213989,0.8737535281312251,0.7661134004592896,,,
101,14,inter_node,1,5,0,1,-0.4330594539642334,0.9722485685443448,-0.43302229046821594,,,
101,14,inter_node,1,9,0,2,0.8549985885620117,0.9052613870471853,0.8545055389404297,,,
101,14,inter_node,1,13,0,3,0.8908998370170593,0.9443804815108768,0.8906176090240479,,,
101,14,inter_node,5,9,1,2,-0.4745112955570221,0.7070736989839929,-0.4746292233467102,,,
101,14,inter_node,5,13,1,3,-0.5046387910842896,0.5010486928058863,-0.5046312808990479,,,
101,14,inter_node,9,13,2,3,0.8324984312057495,0.4129160565520955,0.8320536017417908,,,
101,14,inter_node,2,6,0,1,0.7562588453292847,0.9633376975409704,0.7557848691940308,,,
101,14,inter_node,2,10,0,2,0.6842699646949768,0.8129520375742045,0.683779239654541,,,
101,14,inter_node,2,14,0,3,-0.5403541326522827,0.8707342072163695,-0.5399957895278931,,,
101,14,inter_node,6,10,1,2,0.6888726353645325,0.8039951786506415,0.6883509755134583,,,
101,14,inter_node,6,14,1,3,-0.6297065615653992,0.9952608184073602,-0.6294776201248169,,,
101,14,inter_node,10,14,2,3,-0.5636798739433289,0.9758210968484669,-0.5633525252342224,,,
101,14,inter_node,3,7,0,1,-0.6556876301765442,0.9711256125687101,-0.6555661559104919,,,
101,14,inter_node,3,11,0,2,0.661257803440094,0.9886788828494739,0.661099910736084,,,
101,14,inter_node,3,15,0,3,0.6117231249809265,0.9990323596977903,0.6115294098854065,,,
101,14,inter_node,7,11,1,2,-0.6391271948814392,0.6079183609534216,-0.6388214826583862,,,
101,14,inter_node,7,15,1,3,-0.5350659489631653,0.9664879366008251,-0.5345342755317688,,,
101,14,inter_node,11,15,2,3,0.7018632888793945,0.9145278430260956,0.7016424536705017,,,
101,14,cluster_edge,0,15,0,3,-0.542712390422821,0.9122167856260517,-0.5422353744506836,,,
101,14,cluster_edge,1,14,0,3,-0.4622440040111542,0.6984390555507386,-0.46178483963012695,,,
101,14,cluster_edge,2,13,0,3,0.8539836406707764,0.2991396614762628,0.8537055253982544,,,
101,14,cluster_edge,3,12,0,3,-0.7723168730735779,0.988752825049095,-0.7722707986831665,,,
101,14,global_diversity,-1,-1,-1,-1,0.08327330648899078,0.8163341283798218,0.08316591382026672,120,4,
102,14,intra_node,0,1,0,0,0.5671834945678711,0.9949052100182066,0.5666241645812988,,,
102,14,intra_node,0,2,0,0,0.8010081648826599,0.9590800580812985,0.8004726767539978,,,
102,14,intra_node,0,3,0,0,-0.44244083762168884,0.9919800461260456,-0.4426356256008148,,,
102,14,intra_node,1,2,0,0,0.5225173234939575,0.9997915214898571,0.5218626856803894,,,
102,14,intra_node,1,3,0,0,-0.394752562046051,0.9999591400193485,-0.3947267234325409,,,
102,14,intra_node,2,3,0,0,-0.32307755947113037,0.8040086691743552,-0.3231927752494812,,,
102,14,intra_node,4,5,1,1,-0.5480750203132629,0.9893834166473894,-0.5480126142501831,,,
102,14,intra_node,4,6,1,1,-0.41587668657302856,0.9812466767957734,-0.4156724810600281,,,
102,14,intra_node,4,7,1,1,0.7294066548347473,0.8106066246240118,0.7295157313346863,,,
102,14,intra_node,5,6,1,1,0.7175267934799194,0.4338825584674046,0.7171947360038757,,,
102,14,intra_node,5,7,1,1,-0.4344523549079895,0.9979892894438885,-0.4349403977394104,,,
102,14,intra_node,6,7,1,1,-0.3383254408836365,0.9964482448188346,-0.33856576681137085,,,
102,14,intra_node,8,9,2,2,-0.44193077087402344,0.13044146859644373,-0.44154518842697144,,,
102,14,intra_node,8,10,2,2,0.5316948890686035,0.9830252935806807,0.5311659574508667,,,
102,14,intra_node,8,11,2,2,0.6555180549621582,0.9975582136201047,0.6550681591033936,,,
102,14,intra_node,9,10,2,2,-0.4558665156364441,0.9852394992150102,-0.45547235012054443,,,
102,14,intra_node,9,11,2,2,-0.4410896301269531,0.997191924072145,-0.4406333267688751,,,
102,14,intra_node,10,11,2,2,0.47028955817222595,0.9999585513930626,0.4694760739803314,,,
102,14,intra_node,12,13,3,3,0.6115265488624573,0.999660826049481,0.611474871635437,,,
102,14,intra_node,12,14,3,3,-0.42011699080467224,0.9999851186004276,-0.41945818066596985,,,
102,14,intra_node,12,15,3,3,0.10214334726333618,0.9999997449146708,0.10226934403181076,,,
102,14,intra_node,13,14,3,3,-0.21006882190704346,0.9561245798811419,-0.20976237952709198,,,
102,14,intra_node,13,15,3,3,0.10851413011550903,0.9992479218147696,0.10856393724679947,,,
102,14,intra_node,14,15,3,3,0.057953640818595886,0.9828587809941648,0.05785483866930008,,,
102,14,inter_node,0,4,0,1,-0.46932172775268555,0.94512926551938,-0.46923312544822693,,,
102,14,inter_node,0,8,0,2,0.6688647270202637,0.6364085806144508,0.668432891368866,,,
102,14,inter_node,0,12,0,3,-0.6666319966316223,0.987505069963196,-0.6663776636123657,,,
102,14,inter_node,4,8,1,2,-0.39475736021995544,0.9800494717674638,-0.3945389986038208,,,
102,14,inter_node,4,12,1,3,0.6517578363418579,0.9993143940115966,0.6516707539558411,,,
102,14,inter_node,8,12,2,3,-0.5764803886413574,0.9656346949608442,-0.5761311650276184,,,
102,14,inter_node,1,5,0,1,0.5525223016738892,0.9736680946175811,0.5519775748252869,,,
102,14,inter_node,1,9,0,2,-0.4322393834590912,0.9878153942635263,-0.4318605959415436,,,
102,14,inter_node,1,13,0,3,-0.4290160536766052,0.9998617023032462,-0.4288908541202545,,,
102,14,inter_node,5,9,1,2,-0.675197184085846,0.537268360966802,-0.6750193238258362,,,
102,14,inter_node,5,13,1,3,-0.5487427711486816,0.9947479039307915,-0.5487794876098633,,,
102,14,inter_node,9,13,2,3,0.7235121726989746,0.9886498012537419,0.7234845757484436,,,
102,14,inter_node,2,6,0,1,0.6947822570800781,0.9860146778867954,0.6944618821144104,,,
102,14,inter_node,2,10,0,2,0.4895850419998169,0.9997474479454508,0.4886881709098816,,,
102,14,inter_node,2,14,0,3,0.8272887468338013,0.9708945083002507,0.8267747163772583,,,
102,14,inter_node,6,10,1,2,0.5440079569816589,0.9819416347721605,0.5435100793838501,,,
102,14,inter_node,6,14,1,3,0.5736879110336304,0.9995929503233159,0.5731156468391418,,,
102,14,inter_node,10,14,2,3,0.3841739892959595,0.9999926493482726,0.3830828368663788,,,
102,14,inter_node,3,7,0,1,0.751895546913147,0.22826834813176397,0.7519347071647644,,,
102,14,inter_node,3,11,0,2,-0.2829308807849884,0.16262079635204443,-0.2828983962535858,,,
102,14,inter_node,3,15,0,3,0.07103265821933746,0.9974544608407107,0.07106008380651474,,,
102,14,inter_node,7,11,1,2,-0.21231576800346375,0.3537679639286552,-0.21263623237609863,,,
102,14,inter_node,7,15,1,3,0.10972985625267029,0.9980355268597063,0.10972435772418976,,,
102,14,inter_node,11,15,2,3,0.036333903670310974,0.9969601118009619,0.0362178198993206,,,
102,14,cluster_edge,0,15,0,3,-0.03164438530802727,0.9999795848933581,-0.03185250237584114,,,
102,14,cluster_edge,1,14,0,3,0.39442482590675354,0.9999939321304535,0.39353087544441223,,,
102,14,cluster_edge,2,13,0,3,-0.3753829598426819,0.33663332178010447,-0.37535080313682556,,,
102,14,cluster_edge,3,12,0,3,0.6713830232620239,0.9998997912374465,0.6714434027671814,,,
102,14,global_diversity,-1,-1,-1,-1,0.09434632211923599,0.8780157566070557,0.09423399716615677,120,4,
103,14,intra_node,0,1,0,0,0.7373378872871399,0.611048349480872,0.7375982999801636,,,
103,14,intra_node,0,2,0,0,0.5132675170898438,0.9368237257709736,0.5131540298461914,,,
103,14,intra_node,0,3,0,0,-0.4928054213523865,0.9974515637061313,-0.49226588010787964,,,
103,14,intra_node,1,2,0,0,0.49015510082244873,0.9754274838649711,0.4901741147041321,,,
103,14,intra_node,1,3,0,0,-0.41874265670776367,0.9990087814972569,-0.4189785420894623,,,
103,14,intra_node,2,3,0,0,-0.5574036240577698,0.9596614975326,-0.5573647022247314,,,
103,14,intra_node,4,5,1,1,-0.521435558795929,0.1170557199418275,-0.5210088491439819,,,
103,14,intra_node,4,6,1,1,-0.5674320459365845,0.9146701857871489,-0.5669113397598267,,,
103,14,intra_node,4,7,1,1,0.6803189516067505,0.9836214557290734,0.6800354719161987,,,
103,14,intra_node,5,6,1,1,0.8157667517662048,0.9246585286223366,0.8156474828720093,,,
103,14,intra_node,5,7,1,1,-0.4505437910556793,0.9814500816859616,-0.44976261258125305,,,
103,14,intra_node,6,7,1,1,-0.5551469922065735,0.9986024218602849,-0.5539023280143738,,,
103,14,intra_node,8,9,2,2,-0.5877190828323364,0.9622270771638332,-0.5876013040542603,,,
103,14,intra_node,8,10,2,2,0.5640134811401367,0.8728543770653477,0.5639244914054871,,,
103,14,intra_node,8,11,2,2,0.6659042239189148,0.9925570421976476,0.6658419966697693,,,
103,14,intra_node,9,10,2,2,-0.4102382957935333,0.7029160582619456,-0.4100936949253082,,,
103,14,intra_node,9,11,2,2,-0.5566520094871521,0.8029552059120542,-0.5566604137420654,,,
103,14,intra_node,10,11,2,2,0.5664581656455994,0.9414611558733897,0.566390335559845,,,
103,14,intra_node,12,13,3,3,-0.39649540185928345,0.9754750985064833,-0.3958618640899658,,,
103,14,intra_node,12,14,3,3,-0.3210771977901459,0.9151242924594485,-0.3205147981643677,,,
103,14,intra_node,12,15,3,3,0.4583151042461395,0.999700858644231,0.45815619826316833,,,
103,14,intra_node,13,14,3,3,0.7188910245895386,0.7110492247525676,0.7185176014900208,,,
103,14,intra_node,13,15,3,3,-0.470997154712677,0.9878025460836982,-0.4710421562194824,,,
103,14,intra_node,14,15,3,3,-0.38643932342529297,0.9964755362348398,-0.3862261176109314,,,
103,14,inter_node,0,4,0,1,-0.49516603350639343,0.9808154362211531,-0.49473294615745544,,,
103,14,inter_node,0,8,0,2,0.6521241664886475,0.9984288394904571,0.652000904083252,,,
103,14,inter_node,0,12,0,3,0.7187568545341492,0.7351725754203745,0.7185603380203247,,,
103,14,inter_node,4,8,1,2,-0.541132390499115,0.9181028806464057,-0.5409456491470337,,,
103,14,inter_node,4,12,1,3,-0.4034558832645416,0.9949194013827644,-0.40303006768226624,,,
103,14,inter_node,8,12,2,3,0.6176645755767822,0.9995839136086565,0.6175229549407959,,,
103,14,inter_node,1,5,0,1,0.7064827680587769,0.9915488803599471,0.7067530155181885,,,
103,14,inter_node,1,9,0,2,-0.39606866240501404,0.9838215995074638,-0.39632728695869446,,,
103,14,inter_node,1,13,0,3,-0.4273066222667694,0.9639803131044147,-0.427946001291275,,,
103,14,inter_node,5,9,1,2,-0.5352106690406799,0.4776294699867408,-0.5346686244010925,,,
103,14,inter_node,5,13,1,3,-0.5290679931640625,0.7653749832820257,-0.528448760509491,,,
103,14,inter_node,9,13,2,3,0.794039249420166,0.5508456100844378,0.793674647808075,,,
103,14,inter_node,2,6,0,1,0.5222200751304626,0.9740881322461482,0.5222730040550232,,,
103,14,inter_node,2,10,0,2,0.5227730870246887,0.8044016753136668,0.5226954817771912,,,
103,14,inter_node,2,14,0,3,-0.34764134883880615,0.8028786977638372,-0.34743350744247437,,,
103,14,inter_node,6,10,1,2,0.5354936122894287,0.8675251038299806,0.5355677008628845,,,
103,14,inter_node,6,14,1,3,-0.5515136122703552,0.9948922188849895,-0.5507922172546387,,,
103,14,inter_node,10,14,2,3,-0.35108262300491333,0.9614434035226183,-0.3508797287940979,,,
103,14,inter_node,3,7,0,1,0.6913601756095886,0.9978243093175364,0.6908180117607117,,,
103,14,inter_node,3,11,0,2,-0.5135141015052795,0.9879274563725085,-0.5134603977203369,,,
103,14,inter_node,3,15,0,3,-0.5939918160438538,0.5567592112408396,-0.5939500331878662,,,
103,14,inter_node,7,11,1,2,-0.40743643045425415,0.819781915924572,-0.4074335992336273,,,
103,14,inter_node,7,15,1,3,-0.4382816255092621,0.9990356451458089,-0.4382418990135193,,,
103,14,inter_node,11,15,2,3,0.5386033058166504,0.9946489562402213,0.538525402545929,,,
103,14,cluster_edge,0,15,0,3,0.5154756903648376,0.9988704290870032,0.5153394937515259,,,
103,14,cluster_edge,1,14,0,3,-0.2888188362121582,0.8753431726745111,-0.28893280029296875,,,
103,14,cluster_edge,2,13,0,3,-0.42888855934143066,0.3178031722968551,-0.4289134442806244,,,
103,14,cluster_edge,3,12,0,3,-0.4464121460914612,0.9993251041795895,-0.44593891501426697,,,
103,14,global_diversity,-1,-1,-1,-1,0.08668918162584305,0.8345614075660706,0.08676374703645706,120,4,
104,14,intra_node,0,1,0,0,0.45349928736686707,0.9999578058142382,0.45343104004859924,,,
104,14,intra_node,0,2,0,0,0.42524731159210205,0.9998430850049147,0.425243616104126,,,
104,14,intra_node,0,3,0,0,-0.07719987630844116,0.9555610583436415,-0.07674377411603928,,,
104,14,intra_node,1,2,0,0,0.5558140873908997,0.73110163411206,0.5558228492736816,,,
104,14,intra_node,1,3,0,0,-0.3894643187522888,0.9990505132618136,-0.38940536975860596,,,
104,14,intra_node,2,3,0,0,-0.3415724039077759,0.9964689754247813,-0.34192442893981934,,,
104,14,intra_node,4,5,1,1,0.7281016111373901,0.9997150947203141,0.727776825428009,,,
104,14,intra_node,4,6,1,1,-0.17247459292411804,0.4110822236578833,-0.17190226912498474,,,
104,14,intra_node,4,7,1,1,0.6550292372703552,0.9955785478980763,0.6546320915222168,,,
104,14,intra_node,5,6,1,1,-0.44181472063064575,0.9998322142162192,-0.44147634506225586,,,
104,14,intra_node,5,7,1,1,0.637516975402832,0.9355629614166703,0.6371201276779175,,,
104,14,intra_node,6,7,1,1,-0.41033244132995605,0.997396128259932,-0.409976989030838,,,
104,14,intra_node,8,9,2,2,-0.3123757243156433,0.8727567007561488,-0.3124799132347107,,,
104,14,intra_node,8,10,2,2,-0.3057839274406433,0.5422613198042676,-0.30581220984458923,,,
104,14,intra_node,8,11,2,2,-0.3012436628341675,0.9721799497688647,-0.3012424409389496,,,
104,14,intra_node,9,10,2,2,0.7783408164978027,0.9417558201403688,0.7778860926628113,,,
104,14,intra_node,9,11,2,2,0.741856038570404,0.7813633378224456,0.741396963596344,,,
104,14,intra_node,10,11,2,2,0.6418073773384094,0.9872656869242211,0.6412220001220703,,,
104,14,intra_node,12,13,3,3,-0.3109714388847351,0.5428781348500757,-0.3108079135417938,,,
104,14,intra_node,12,14,3,3,0.7153481245040894,0.9821298989807681,0.7153187394142151,,,
104,14,intra_node,12,15,3,3,0.7726671099662781,0.762746633101251,0.7726467847824097,,,
104,14,intra_node,13,14,3,3,-0.36841392517089844,0.9609073588869546,-0.3676295578479767,,,
104,14,intra_node,13,15,3,3,-0.19850826263427734,0.8915462984101445,-0.1983926147222519,,,
104,14,intra_node,14,15,3,3,0.6642782688140869,0.9957602583663665,0.6643170714378357,,,
104,14,inter_node,0,4,0,1,-0.04542936012148857,0.8398268284696426,-0.04508616402745247,,,
104,14,inter_node,0,8,0,2,0.4942341446876526,0.9946412729939786,0.4942084550857544,,,
104,14,inter_node,0,12,0,3,0.5319001078605652,0.9797745181571677,0.5318392515182495,,,
104,14,inter_node,4,8,1,2,-0.24749983847141266,0.966544166199483,-0.2474478781223297,,,
104,14,inter_node,4,12,1,3,-0.2509109079837799,0.8737274060968507,-0.25064247846603394,,,
104,14,inter_node,8,12,2,3,0.7259283065795898,0.7350507123804119,0.7259203195571899,,,
104,14,inter_node,1,5,0,1,-0.5400617122650146,0.07538201196918343,-0.5399963855743408,,,
104,14,inter_node,1,9,0,2,-0.4560725688934326,0.9989980964883636,-0.4560725688934326,,,
104,14,inter_node,1,13,0,3,-0.43432316184043884,0.9954362511276478,-0.4344215393066406,,,
104,14,inter_node,5,9,1,2,0.713151216506958,0.9989164135625674,0.7127655744552612,,,
104,14,inter_node,5,13,1,3,0.6781578063964844,0.995064179010759,0.6777524948120117,,,
104,14,inter_node,9,13,2,3,0.8718295097351074,0.7804648021485039,0.8714827299118042,,,
104,14,inter_node,2,6,0,1,0.5492604970932007,0.9994230617456253,0.5493184328079224,,,
104,14,inter_node,2,10,0,2,-0.4073971211910248,0.9360286963008938,-0.40764525532722473,,,
104,14,inter_node,2,14,0,3,0.5614643692970276,0.5658512418081529,0.5615835785865784,,,
104,14,inter_node,6,10,1,2,-0.2591313421726227,0.9909812959715762,-0.25855839252471924,,,
104,14,inter_node,6,14,1,3,0.6374781727790833,0.9986711046767069,0.6373000741004944,,,
104,14,inter_node,10,14,2,3,-0.3866715729236603,0.8526511881191706,-0.3860400915145874,,,
104,14,inter_node,3,7,0,1,0.6812161803245544,0.9840635717337489,0.6808133125305176,,,
104,14,inter_node,3,11,0,2,0.6916518807411194,0.7692934184351568,0.691095769405365,,,
104,14,inter_node,3,15,0,3,-0.15466108918190002,0.47871261553530986,-0.1544571965932846,,,
104,14,inter_node,7,11,1,2,0.6099286079406738,0.9963233611123399,0.6094490885734558,,,
104,14,inter_node,7,15,1,3,-0.31201010942459106,0.9916925409913768,-0.3119235038757324,,,
104,14,inter_node,11,15,2,3,-0.19045281410217285,0.5574291869699557,-0.19028939306735992,,,
104,14,cluster_edge,0,15,0,3,0.5464898943901062,0.9147515497579269,0.5464593768119812,,,
104,14,cluster_edge,1,14,0,3,0.5923632383346558,0.8832581083699339,0.5922905206680298,,,
104,14,cluster_edge,2,13,0,3,-0.36815887689590454,0.9830279784063317,-0.3686749041080475,,,
104,14,cluster_edge,3,12,0,3,-0.2733606696128845,0.5448703076856841,-0.27310165762901306,,,
104,14,global_diversity,-1,-1,-1,-1,0.14371439814567566,0.8625352382659912,0.1437266618013382,120,4,
105,14,intra_node,0,1,0,0,-0.5612994432449341,0.46261762313004173,-0.560991108417511,,,
105,14,intra_node,0,2,0,0,-0.3977856934070587,0.9665916564422713,-0.3977324664592743,,,
105,14,intra_node,0,3,0,0,0.7058817148208618,0.9805792187722487,0.7059168219566345,,,
105,14,intra_node,1,2,0,0,0.4638485312461853,0.9820469449316596,0.46381503343582153,,,
105,14,intra_node,1,3,0,0,-0.4274081587791443,0.9638604054325902,-0.4267849624156952,,,
105,14,intra_node,2,3,0,0,-0.4259292185306549,0.9993511838685838,-0.426391065120697,,,
105,14,intra_node,4,5,1,1,0.0,1.0,0.0,,,
105,14,intra_node,4,6,1,1,0.0,1.0,0.0,,,
105,14,intra_node,4,7,1,1,0.0,1.0,0.0,,,
105,14,intra_node,5,6,1,1,0.732613205909729,0.7295279755520409,0.7319492101669312,,,
105,14,intra_node,5,7,1,1,-0.4240517318248749,0.6277746407880398,-0.4237242043018341,,,
105,14,intra_node,6,7,1,1,-0.4289698004722595,0.27336486417643174,-0.42864659428596497,,,
105,14,intra_node,8,9,2,2,0.7838255167007446,0.521731525285636,0.7837876677513123,,,
105,14,intra_node,8,10,2,2,-0.3326936364173889,0.9854777812903069,-0.33243805170059204,,,
105,14,intra_node,8,11,2,2,-0.22092381119728088,0.5417928709032118,-0.22049139440059662,,,
105,14,intra_node,9,10,2,2,-0.3360871970653534,0.9696358437206923,-0.3358806371688843,,,
105,14,intra_node,9,11,2,2,-0.20741450786590576,0.7808539752636314,-0.20705567300319672,,,
105,14,intra_node,10,11,2,2,0.7865298390388489,0.9933458158569158,0.7863500714302063,,,
105,14,intra_node,12,13,3,3,0.0,1.0,0.0,,,
105,14,intra_node,12,14,3,3,0.0,1.0,0.0,,,
105,14,intra_node,12,15,3,3,0.0,1.0,0.0,,,
105,14,intra_node,13,14,3,3,-0.02554132789373398,0.4443932099043547,-0.025186099112033844,,,
105,14,intra_node,13,15,3,3,0.47663944959640503,0.9992209397889444,0.4763464331626892,,,
105,14,intra_node,14,15,3,3,-0.22323748469352722,0.9995671488568442,-0.22288858890533447,,,
105,14,inter_node,0,4,0,1,0.0,1.0,0.0,,,
105,14,inter_node,0,8,0,2,-0.4839578866958618,0.9935276889476073,-0.4837912619113922,,,
105,14,inter_node,0,12,0,3,0.0,1.0,0.0,,,
105,14,inter_node,4,8,1,2,0.0,1.0,0.0,,,
105,14,inter_node,4,12,1,3,0.0,0.0,0.0,,,
105,14,inter_node,8,12,2,3,0.0,1.0,0.0,,,
105,14,inter_node,1,5,0,1,-0.48722371459007263,0.13420409426177513,-0.4867050349712372,,,
105,14,inter_node,1,9,0,2,0.7677178382873535,0.9748171890129947,0.7677037715911865,,,
105,14,inter_node,1,13,0,3,0.5346894264221191,0.9984414602792543,0.5344386696815491,,,
105,14,inter_node,5,9,1,2,-0.3376050293445587,0.9781968253524713,-0.3374142348766327,,,
105,14,inter_node,5,13,1,3,-0.2059086114168167,0.998650622690848,-0.20515020191669464,,,
105,14,inter_node,9,13,2,3,0.5582103729248047,0.9381109709495922,0.5581076741218567,,,
105,14,inter_node,2,6,0,1,-0.4681811034679413,0.9943915198522226,-0.4683791697025299,,,
105,14,inter_node,2,10,0,2,-0.4096603989601135,0.9851104575978812,-0.40962353348731995,,,
105,14,inter_node,2,14,0,3,-0.26017695665359497,0.9999844538167446,-0.2600882947444916,,,
105,14,inter_node,6,10,1,2,0.7143594026565552,0.6233275680131559,0.7140601873397827,,,
105,14,inter_node,6,14,1,3,0.47068628668785095,0.9972280933789879,0.47047969698905945,,,
105,14,inter_node,10,14,2,3,0.5462666153907776,0.9989558991918229,0.5460765957832336,,,
105,14,inter_node,3,7,0,1,-0.39883846044540405,0.9159393302010752,-0.3985634744167328,,,
105,14,inter_node,3,11,0,2,0.8440806865692139,0.8472945536454287,0.8437108993530273,,,
105,14,inter_node,3,15,0,3,-0.4119706451892853,0.9819350640882739,-0.411243200302124,,,
105,14,inter_node,7,11,1,2,-0.26575374603271484,0.9871634778974909,-0.26520678400993347,,,
105,14,inter_node,7,15,1,3,0.7497845888137817,0.7850964552752449,0.7496839165687561,,,
105,14,inter_node,11,15,2,3,-0.38870421051979065,0.9972413858982332,-0.38799288868904114,,,
105,14,cluster_edge,0,15,0,3,-0.613372802734375,0.06981414908725428,-0.6130887866020203,,,
105,14,cluster_edge,1,14,0,3,-0.17284584045410156,0.99913406474852,-0.17248523235321045,,,
105,14,cluster_edge,2,13,0,3,0.3473731577396393,0.9999720194505672,0.3472941219806671,,,
105,14,cluster_edge,3,12,0,3,0.0,1.0,0.0,,,
105,14,global_diversity,-1,-1,-1,-1,0.08916265517473221,0.8680435419082642,0.0892401933670044,120,4,
106,14,intra_node,0,1,0,0,0.6133673191070557,0.9971648898832468,0.6132100820541382,,,
106,14,intra_node,0,2,0,0,-0.5277790427207947,0.9161864462155082,-0.5276047587394714,,,
106,14,intra_node,0,3,0,0,-0.47005677223205566,0.9923613069173526,-0.469803124666214,,,
106,14,intra_node,1,2,0,0,-0.7447934150695801,0.9997623793457445,-0.7445952892303467,,,
106,14,intra_node,1,3,0,0,-0.5534262657165527,0.9999783434639626,-0.5529683828353882,,,
106,14,intra_node,2,3,0,0,0.6738877296447754,0.9088608854089564,0.6732615232467651,,,
106,14,intra_node,4,5,1,1,-0.04436869919300079,0.9968125937409489,-0.044268298894166946,,,
106,14,intra_node,4,6,1,1,0.10503582656383514,0.9988031468821625,0.10499151796102524,,,
106,14,intra_node,4,7,1,1,-0.029321767389774323,0.9999120311794488,-0.029440509155392647,,,
106,14,intra_node,5,6,1,1,-0.31090977787971497,0.6245056260278151,-0.31020715832710266,,,
106,14,intra_node,5,7,1,1,-0.29672226309776306,0.9724011269974249,-0.29562094807624817,,,
106,14,intra_node,6,7,1,1,0.5700182914733887,0.9264999027532179,0.5697080492973328,,,
106,14,intra_node,8,9,2,2,0.0,1.0,0.0,,,
106,14,intra_node,8,10,2,2,0.0,1.0,0.0,,,
106,14,intra_node,8,11,2,2,0.0,1.0,0.0,,,
106,14,intra_node,9,10,2,2,-0.2700992226600647,0.9485114366482734,-0.27016252279281616,,,
106,14,intra_node,9,11,2,2,-0.26828211545944214,0.8852768508073103,-0.2683180868625641,,,
106,14,intra_node,10,11,2,2,0.6731723546981812,0.5511929047097013,0.6726465821266174,,,
106,14,intra_node,12,13,3,3,0.5590159893035889,0.9983650394103427,0.5586603879928589,,,
106,14,intra_node,12,14,3,3,0.5436904430389404,0.9921083258111907,0.543655276298523,,,
106,14,intra_node,12,15,3,3,-0.24322953820228577,0.9970338656295693,-0.24242980778217316,,,
106,14,intra_node,13,14,3,3,0.6218509674072266,0.7928246211715537,0.6218187808990479,,,
106,14,intra_node,13,15,3,3,-0.32536935806274414,0.9999951504872007,-0.3247905969619751,,,
106,14,intra_node,14,15,3,3,-0.2920836806297302,0.9999765922339483,-0.2919056713581085,,,
106,14,inter_node,0,4,0,1,0.05694250762462616,0.9999826618916071,0.05689682438969612,,,
106,14,inter_node,0,8,0,2,0.0,1.0,0.0,,,
106,14,inter_node,0,12,0,3,0.5803577899932861,0.7327758354882254,0.5801812410354614,,,
106,14,inter_node,4,8,1,2,0.0,1.0,0.0,,,
106,14,inter_node,4,12,1,3,0.11673097312450409,0.9999351177374826,0.11669185012578964,,,
106,14,inter_node,8,12,2,3,0.0,1.0,0.0,,,
106,14,inter_node,1,5,0,1,-0.48716869950294495,0.9999845782299102,-0.4865904748439789,,,
106,14,inter_node,1,9,0,2,0.5303938388824463,0.9999970843898734,0.5304847955703735,,,
106,14,inter_node,1,13,0,3,0.6318591237068176,0.5366188414320798,0.6315965056419373,,,
106,14,inter_node,5,9,1,2,-0.2410912662744522,0.810941927574597,-0.24117812514305115,,,
106,14,inter_node,5,13,1,3,-0.46126702427864075,0.9999667190393811,-0.4606960117816925,,,
106,14,inter_node,9,13,2,3,0.5378516912460327,0.9999937079657369,0.5379324555397034,,,
106,14,inter_node,2,6,0,1,-0.45715320110321045,0.8271590667405347,-0.456676721572876,,,
106,14,inter_node,2,10,0,2,0.8279396295547485,0.7616942680882616,0.8276114463806152,,,
106,14,inter_node,2,14,0,3,-0.5765884518623352,0.9975248149422343,-0.5767298340797424,,,
106,14,inter_node,6,10,1,2,-0.4078236520290375,0.2747092909897755,-0.4073023200035095,,,
106,14,inter_node,6,14,1,3,0.5214048027992249,0.9995721867046259,0.5213267207145691,,,
106,14,inter_node,10,14,2,3,-0.6096228957176208,0.9994101492131922,-0.6097446084022522,,,
106,14,inter_node,3,7,0,1,-0.36440590023994446,0.9612433602440035,-0.3635392189025879,,,
106,14,inter_node,3,11,0,2,0.6630147099494934,0.1478606854287483,0.6624760627746582,,,
106,14,inter_node,3,15,0,3,0.4426461458206177,0.8962358128030337,0.4418734908103943,,,
106,14,inter_node,7,11,1,2,-0.314958393573761,0.9545184231107837,-0.31410542130470276,,,
106,14,inter_node,7,15,1,3,-0.17036165297031403,0.9959784487772334,-0.16945165395736694,,,
106,14,inter_node,11,15,2,3,0.5255994200706482,0.9115784566449341,0.5250046253204346,,,
106,14,cluster_edge,0,15,0,3,-0.2461770474910736,0.999207377221032,-0.24576476216316223,,,
106,14,cluster_edge,1,14,0,3,0.6231570839881897,0.9039988329317268,0.6231333017349243,,,
106,14,cluster_edge,2,13,0,3,-0.5596616268157959,0.9994872025979868,-0.5592427849769592,,,
106,14,cluster_edge,3,12,0,3,-0.424283891916275,0.9714146619314781,-0.42353659868240356,,,
106,14,global_diversity,-1,-1,-1,-1,0.04775094985961914,0.9045387506484985,0.047805000096559525,120,4,
107,14,intra_node,0,1,0,0,0.6326245069503784,0.9972713853762749,0.63223797082901,,,
107,14,intra_node,0,2,0,0,0.0,1.0,0.0,,,
107,14,intra_node,0,3,0,0,0.7937682867050171,0.9897638819443253,0.7933450937271118,,,
107,14,intra_node,1,2,0,0,0.0,1.0,0.0,,,
107,14,intra_node,1,3,0,0,0.715575098991394,0.7334326735111836,0.7151788473129272,,,
107,14,intra_node,2,3,0,0,0.0,1.0,0.0,,,
107,14,intra_node,4,5,1,1,0.0,1.0,0.0,,,
107,14,intra_node,4,6,1,1,0.0,1.0,0.0,,,
107,14,intra_node,4,7,1,1,0.0,1.0,0.0,,,
107,14,intra_node,5,6,1,1,-0.4367186427116394,0.9507558209362517,-0.436535120010376,,,
107,14,intra_node,5,7,1,1,-0.4114421606063843,0.15429087086729737,-0.41141101717948914,,,
107,14,intra_node,6,7,1,1,0.5815818905830383,0.9417717305307446,0.5815150737762451,,,
107,14,intra_node,8,9,2,2,-0.34179991483688354,0.9994523515157117,-0.34115955233573914,,,
107,14,intra_node,8,10,2,2,0.0,1.0,0.0,,,
107,14,intra_node,8,11,2,2,0.6960533261299133,0.22970123405435794,0.6955671906471252,,,
107,14,intra_node,9,10,2,2,0.0,1.0,0.0,,,
107,14,intra_node,9,11,2,2,-0.40234947204589844,0.9992890440586178,-0.4018632173538208,,,
107,14,intra_node,10,11,2,2,0.0,1.0,0.0,,,
107,14,intra_node,12,13,3,3,-0.382246732711792,0.9695064781186119,-0.38214054703712463,,,
107,14,intra_node,12,14,3,3,0.5597004294395447,0.9016231913406955,0.5595923662185669,,,
107,14,intra_node,12,15,3,3,-0.3984646201133728,0.7887631493612618,-0.3979485332965851,,,
107,14,intra_node,13,14,3,3,-0.4317461848258972,0.9970001446325264,-0.431674063205719,,,
107,14,intra_node,13,15,3,3,0.6303005218505859,0.9935586444728921,0.6306055784225464,,,
107,14,intra_node,14,15,3,3,-0.37944379448890686,0.5342819760764628,-0.37928059697151184,,,
107,14,inter_node,0,4,0,1,0.0,1.0,0.0,,,
107,14,inter_node,0,8,0,2,0.7680084705352783,0.9308597669714467,0.7675285935401917,,,
107,14,inter_node,0,12,0,3,-0.3836040496826172,0.30359558627034733,-0.38312089443206787,,,
107,14,inter_node,4,8,1,2,0.0,1.0,0.0,,,
107,14,inter_node,4,12,1,3,0.0,1.0,0.0,,,
107,14,inter_node,8,12,2,3,-0.4403248131275177,0.9007182727945864,-0.4398728311061859,,,
107,14,inter_node,1,5,0,1,0.5767894983291626,0.9920453240247371,0.5761478543281555,,,
107,14,inter_node,1,9,0,2,-0.004395859315991402,0.6555143374958452,-0.0035838312469422817,,,
107,14,inter_node,1,13,0,3,0.4310714602470398,0.9999420556221923,0.4310096204280853,,,
107,14,inter_node,5,9,1,2,-0.29076430201530457,0.9769085426736244,-0.2900404930114746,,,
107,14,inter_node,5,13,1,3,0.6378332376480103,0.9927156834561285,0.6381272077560425,,,
107,14,inter_node,9,13,2,3,-0.4330742359161377,0.9998317945153754,-0.43298467993736267,,,
107,14,inter_node,2,6,0,1,0.0,1.0,0.0,,,
107,14,inter_node,2,10,0,2,0.0,0.0,0.0,,,
107,14,inter_node,2,14,0,3,0.0,1.0,0.0,,,
107,14,inter_node,6,10,1,2,0.0,1.0,0.0,,,
107,14,inter_node,6,14,1,3,0.4879841208457947,0.9797200720216501,0.48788025975227356,,,
107,14,inter_node,10,14,2,3,0.0,1.0,0.0,,,
107,14,inter_node,3,7,0,1,-0.34906715154647827,0.9747630657508407,-0.3489586114883423,,,
107,14,inter_node,3,11,0,2,0.6787815093994141,0.9990812297527073,0.6782577037811279,,,
107,14,inter_node,3,15,0,3,0.7787485122680664,0.9662536258618014,0.778225302696228,,,
107,14,inter_node,7,11,1,2,-0.5221819281578064,0.9635942211434301,-0.5221590399742126,,,
107,14,inter_node,7,15,1,3,-0.482293963432312,0.2521586424127032,-0.4823603928089142,,,
107,14,inter_node,11,15,2,3,0.7302247285842896,0.9727742529158798,0.7297945618629456,,,
107,14,cluster_edge,0,15,0,3,0.7883162498474121,0.6966750260707836,0.7878267168998718,,,
107,14,cluster_edge,1,14,0,3,-0.12757213413715363,0.9806842761701062,-0.12720225751399994,,,
107,14,cluster_edge,2,13,0,3,0.0,1.0,0.0,,,
107,14,cluster_edge,3,12,0,3,-0.26455816626548767,0.9928715222065704,-0.26385819911956787,,,
107,14,global_diversity,-1,-1,-1,-1,0.08179289847612381,0.8756341934204102,0.08180448412895203,120,4,
108,14,intra_node,0,1,0,0,0.0,1.0,0.0,,,
108,14,intra_node,0,2,0,0,0.0,1.0,0.0,,,
108,14,intra_node,0,3,0,0,0.0,1.0,0.0,,,
108,14,intra_node,1,2,0,0,0.6836142539978027,0.2223506137123187,0.6830820441246033,,,
108,14,intra_node,1,3,0,0,-0.2810339331626892,0.9184496555372798,-0.28127521276474,,,
108,14,intra_node,2,3,0,0,-0.3270725607872009,0.8951322460986914,-0.3271644115447998,,,
108,14,intra_node,4,5,1,1,0.38329145312309265,0.9993905242917401,0.3830849230289459,,,
108,14,intra_node,4,6,1,1,0.35588589310646057,0.8207067797543331,0.35567593574523926,,,
108,14,intra_node,4,7,1,1,-0.1572520136833191,0.9858537448771608,-0.15697579085826874,,,
108,14,intra_node,5,6,1,1,0.6481031775474548,0.9998907251376046,0.6474899053573608,,,
108,14,intra_node,5,7,1,1,-0.4536532163619995,0.9999913782011398,-0.4531732201576233,,,
108,14,intra_node,6,7,1,1,-0.27516046166419983,0.9210998881973561,-0.274361252784729,,,
108,14,intra_node,8,9,2,2,0.5771026015281677,0.9927396413665183,0.5761322379112244,,,
108,14,intra_node,8,10,2,2,0.024861380457878113,0.9989123145785103,0.024583110585808754,,,
108,14,intra_node,8,11,2,2,0.6585237979888916,0.42819287743058126,0.6575007438659668,,,
108,14,intra_node,9,10,2,2,0.021989721804857254,0.9999921030137596,0.02175062894821167,,,
108,14,intra_node,9,11,2,2,0.6822340488433838,0.9873027838463129,0.6814897060394287,,,
108,14,intra_node,10,11,2,2,0.02558865025639534,0.9993780537288772,0.025298096239566803,,,
108,14,intra_node,12,13,3,3,0.487764835357666,0.9972906994409314,0.4872623682022095,,,
108,14,intra_node,12,14,3,3,0.39064496755599976,0.9999995830491731,0.3902566432952881,,,
108,14,intra_node,12,15,3,3,0.0,1.0,0.0,,,
108,14,intra_node,13,14,3,3,0.6047679781913757,0.9998461038862939,0.604503870010376,,,
108,14,intra_node,13,15,3,3,0.0,1.0,0.0,,,
108,14,intra_node,14,15,3,3,0.0,1.0,0.0,,,
108,14,inter_node,0,4,0,1,0.0,1.0,0.0,,,
108,14,inter_node,0,8,0,2,0.0,1.0,0.0,,,
108,14,inter_node,0,12,0,3,0.0,1.0,0.0,,,
108,14,inter_node,4,8,1,2,0.372594952583313,0.7142979545347665,0.3724307715892792,,,
108,14,inter_node,4,12,1,3,0.33250313997268677,0.9808168526927811,0.33227935433387756,,,
108,14,inter_node,8,12,2,3,0.5524501204490662,0.9328561079218689,0.551920473575592,,,
108,14,inter_node,1,5,0,1,0.6023902893066406,0.9999715735009348,0.6016361117362976,,,
108,14,inter_node,1,9,0,2,0.618414044380188,0.998814745263107,0.6175114512443542,,,
108,14,inter_node,1,13,0,3,0.6060714721679688,0.9934127476582791,0.6054537296295166,,,
108,14,inter_node,5,9,1,2,0.5959553718566895,0.9760165488646495,0.5952834486961365,,,
108,14,inter_node,5,13,1,3,0.6184909343719482,0.9956846196880641,0.6179926991462708,,,
108,14,inter_node,9,13,2,3,0.5553652048110962,0.8200684176942628,0.5547133684158325,,,
108,14,inter_node,2,6,0,1,0.5827692151069641,0.6654821671944126,0.5820590257644653,,,
108,14,inter_node,2,10,0,2,0.025906192138791084,0.9948187623198308,0.025704218074679375,,,
108,14,inter_node,2,14,0,3,0.4095005691051483,0.9999986963886898,0.409050852060318,,,
108,14,inter_node,6,10,1,2,0.045806437730789185,0.9982667835999791,0.04557542875409126,,,
108,14,inter_node,6,14,1,3,0.4707018733024597,0.9999961030140028,0.47028377652168274,,,
108,14,inter_node,10,14,2,3,0.0022211577743291855,0.99999999324568,0.002088562585413456,,,
108,14,inter_node,3,7,0,1,0.5990685820579529,0.9752656609128696,0.5991634130477905,,,
108,14,inter_node,3,11,0,2,-0.3437231183052063,0.12637990904375207,-0.34405770897865295,,,
108,14,inter_node,3,15,0,3,0.0,1.0,0.0,,,
108,14,inter_node,7,11,1,2,-0.2519938349723816,0.9716875340400463,-0.2510682940483093,,,
108,14,inter_node,7,15,1,3,0.0,1.0,0.0,,,
108,14,inter_node,11,15,2,3,0.0,1.0,0.0,,,
108,14,cluster_edge,0,15,0,3,0.0,0.0,0.0,,,
108,14,cluster_edge,1,14,0,3,0.40957656502723694,0.9999989862474646,0.4090619385242462,,,
108,14,cluster_edge,2,13,0,3,0.6870564818382263,0.991529277258011,0.6866605877876282,,,
108,14,cluster_edge,3,12,0,3,-0.25525519251823425,0.9664587930773938,-0.2552591562271118,,,
108,14,global_diversity,-1,-1,-1,-1,0.1989159733057022,0.9062591791152954,0.19870898127555847,120,4,
109,14,intra_node,0,1,0,0,-0.2303631603717804,0.9999937096861174,-0.22987611591815948,,,
109,14,intra_node,0,2,0,0,0.4953833222389221,0.9987086477463639,0.4949893355369568,,,
109,14,intra_node,0,3,0,0,-0.38024353981018066,0.9999397834595748,-0.37955206632614136,,,
109,14,intra_node,1,2,0,0,-0.20641012489795685,0.9951288938669932,-0.20587465167045593,,,
109,14,intra_node,1,3,0,0,0.46553149819374084,0.8955384378089439,0.4650760293006897,,,
109,14,intra_node,2,3,0,0,-0.4166224002838135,0.9533693922354166,-0.41591688990592957,,,
109,14,intra_node,4,5,1,1,0.0,1.0,0.0,,,
109,14,intra_node,4,6,1,1,0.6908568739891052,0.26206599551955595,0.690633237361908,,,
109,14,intra_node,4,7,1,1,0.5122955441474915,0.8978528672300592,0.5112181305885315,,,
109,14,intra_node,5,6,1,1,0.0,1.0,0.0,,,
109,14,intra_node,5,7,1,1,0.0,1.0,0.0,,,
109,14,intra_node,6,7,1,1,0.466523140668869,0.924622157268882,0.4659527540206909,,,
109,14,intra_node,8,9,2,2,-0.28712618350982666,0.8671222873233742,-0.2866007685661316,,,
109,14,intra_node,8,10,2,2,-0.12180336564779282,0.8257263517109363,-0.12142949551343918,,,
109,14,intra_node,8,11,2,2,-0.3042219877243042,0.9999069157017043,-0.30411309003829956,,,
109,14,intra_node,9,10,2,2,0.5277742743492126,0.9768429162355384,0.5274257659912109,,,
109,14,intra_node,9,11,2,2,0.5099326968193054,0.999299473956763,0.5101090669631958,,,
109,14,intra_node,10,11,2,2,0.4285601079463959,0.9999837778597376,0.4284742474555969,,,
109,14,intra_node,12,13,3,3,0.5390686392784119,0.9984902716503027,0.5380655527114868,,,
109,14,intra_node,12,14,3,3,0.026061082258820534,0.9478778349666774,0.027486629784107208,,,
109,14,intra_node,12,15,3,3,-0.3004261553287506,0.9998568798149362,-0.30007410049438477,,,
109,14,intra_node,13,14,3,3,0.007092855870723724,0.9999213096898016,0.008245529606938362,,,
109,14,intra_node,13,15,3,3,-0.4694446623325348,0.9052013661315167,-0.4692767262458801,,,
109,14,intra_node,14,15,3,3,-0.028144899755716324,0.9999925402660945,-0.02856491506099701,,,
109,14,inter_node,0,4,0,1,-0.3550463318824768,0.9999700380163377,-0.3542458117008209,,,
109,14,inter_node,0,8,0,2,0.443824827671051,0.9998764885599107,0.4435589909553528,,,
109,14,inter_node,0,12,0,3,-0.3676106929779053,0.9999770621569035,-0.3668377697467804,,,
109,14,inter_node,4,8,1,2,-0.2054692506790161,0.7574153160169529,-0.20480231940746307,,,
109,14,inter_node,4,12,1,3,0.7102603912353516,0.23443509765557177,0.7094735503196716,,,
109,14,inter_node,8,12,2,3,-0.2096567153930664,0.8142856800962646,-0.20900419354438782,,,
109,14,inter_node,1,5,0,1,0.0,1.0,0.0,,,
109,14,inter_node,1,9,0,2,0.32896554470062256,0.993232671239778,0.3283006250858307,,,
109,14,inter_node,1,13,0,3,0.3248404860496521,0.9995859826420018,0.3242217004299164,,,
109,14,inter_node,5,9,1,2,0.0,1.0,0.0,,,
109,14,inter_node,5,13,1,3,0.0,1.0,0.0,,,
109,14,inter_node,9,13,2,3,0.6794967651367188,0.9388211548947057,0.6788315773010254,,,
109,14,inter_node,2,6,0,1,-0.28242379426956177,0.9828784388427907,-0.28185325860977173,,,
109,14,inter_node,2,10,0,2,-0.20475658774375916,0.983331589650165,-0.20423623919487,,,
109,14,inter_node,2,14,0,3,0.00277748703956604,0.9990741720239243,0.002009248360991478,,,
109,14,inter_node,6,10,1,2,0.6288170218467712,0.02646667574372988,0.6285883188247681,,,
109,14,inter_node,6,14,1,3,0.002457898110151291,0.9459261940208188,0.0031899099703878164,,,
109,14,inter_node,10,14,2,3,0.04292026534676552,0.9444561324898757,0.043551940470933914,,,
109,14,inter_node,3,7,0,1,0.5021846890449524,0.794708287038697,0.5012253522872925,,,
109,14,inter_node,3,11,0,2,0.5202661156654358,0.9999546178523445,0.5203887820243835,,,
109,14,inter_node,3,15,0,3,-0.36040976643562317,0.9996242801743259,-0.3601295053958893,,,
109,14,inter_node,7,11,1,2,0.40587687492370605,0.9997789382386609,0.40586578845977783,,,
109,14,inter_node,7,15,1,3,-0.35346317291259766,0.9981698246838393,-0.3531757593154907,,,
109,14,inter_node,11,15,2,3,-0.4560360312461853,0.8792127948688665,-0.4559653699398041,,,
109,14,cluster_edge,0,15,0,3,0.4948287010192871,0.8397302023730726,0.49465471506118774,,,
109,14,cluster_edge,1,14,0,3,-0.043196648359298706,0.8099347559269582,-0.04259900003671646,,,
109,14,cluster_edge,2,13,0,3,-0.48202481865882874,0.9150054737685086,-0.4814290702342987,,,
109,14,cluster_edge,3,12,0,3,0.6837131977081299,0.6190773675383399,0.6830039024353027,,,
109,14,global_diversity,-1,-1,-1,-1,0.11618617922067642,0.8854466676712036,0.11622078716754913,120,4,
110,14,intra_node,0,1,0,0,-0.4099617600440979,0.964350126865382,-0.4104876220226288,,,
110,14,intra_node,0,2,0,0,0.6899601221084595,0.9739217578965725,0.6895352005958557,,,
110,14,intra_node,0,3,0,0,0.7380856871604919,0.8506177834479168,0.7376399040222168,,,
110,14,intra_node,1,2,0,0,-0.516200065612793,0.26848990443940723,-0.5164279341697693,,,
110,14,intra_node,1,3,0,0,-0.5084370970726013,0.7613512909537765,-0.5087290406227112,,,
110,14,intra_node,2,3,0,0,0.735034704208374,0.8254260600401849,0.7346959114074707,,,
110,14,intra_node,4,5,1,1,0.0,0.0,0.0,,,
110,14,intra_node,4,6,1,1,0.0,1.0,0.0,,,
110,14,intra_node,4,7,1,1,0.0,0.0,0.0,,,
110,14,intra_node,5,6,1,1,0.0,1.0,0.0,,,
110,14,intra_node,5,7,1,1,0.0,0.0,0.0,,,
110,14,intra_node,6,7,1,1,0.0,1.0,0.0,,,
110,14,intra_node,8,9,2,2,0.3953377306461334,0.9999379043778711,0.3949960470199585,,,
110,14,intra_node,8,10,2,2,-0.5377799272537231,0.998512942198835,-0.537297248840332,,,
110,14,intra_node,8,11,2,2,-0.44068795442581177,0.9997801165605211,-0.43966105580329895,,,
110,14,intra_node,9,10,2,2,-0.4805227220058441,0.9582426304611115,-0.4802619218826294,,,
110,14,intra_node,9,11,2,2,-0.38972708582878113,0.7175975495194703,-0.38937222957611084,,,
110,14,intra_node,10,11,2,2,0.5262379050254822,0.8521352436289586,0.5256060361862183,,,
110,14,intra_node,12,13,3,3,0.3921951651573181,0.9999900538128847,0.3919598162174225,,,
110,14,intra_node,12,14,3,3,-0.17293769121170044,0.9999977753213116,-0.1723441779613495,,,
110,14,intra_node,12,15,3,3,0.43270063400268555,0.9999901301853921,0.43279606103897095,,,
110,14,intra_node,13,14,3,3,-0.017745839431881905,0.7763284902491364,-0.016950257122516632,,,
110,14,intra_node,13,15,3,3,0.47099441289901733,0.007678571341848676,0.47110670804977417,,,
110,14,intra_node,14,15,3,3,-0.036138877272605896,0.7745977227829098,-0.036201998591423035,,,
110,14,inter_node,0,4,0,1,0.0,1.0,0.0,,,
110,14,inter_node,0,8,0,2,-0.401211678981781,0.9998536554163873,-0.40013086795806885,,,
110,14,inter_node,0,12,0,3,-0.43173956871032715,0.9993588258882622,-0.43142759799957275,,,
110,14,inter_node,4,8,1,2,0.0,1.0,0.0,,,
110,14,inter_node,4,12,1,3,0.0,1.0,0.0,,,
110,14,inter_node,8,12,2,3,0.4708574712276459,0.7717553142998324,0.47056451439857483,,,
110,14,inter_node,1,5,0,1,0.0,1.0,0.0,,,
110,14,inter_node,1,9,0,2,0.7589086294174194,0.9848733653377265,0.7590043544769287,,,
110,14,inter_node,1,13,0,3,0.5051760077476501,0.9994469828049176,0.5052378177642822,,,
110,14,inter_node,5,9,1,2,0.0,1.0,0.0,,,
110,14,inter_node,5,13,1,3,0.0,1.0,0.0,,,
110,14,inter_node,9,13,2,3,0.5526562333106995,0.9634408308636145,0.5524905323982239,,,
110,14,inter_node,2,6,0,1,-0.2025085836648941,0.9998784921601273,-0.20339684188365936,,,
110,14,inter_node,2,10,0,2,0.6477652788162231,0.735009985315172,0.6474063992500305,,,
110,14,inter_node,2,14,0,3,0.30940258502960205,0.9999095164505636,0.30846601724624634,,,
110,14,inter_node,6,10,1,2,-0.18977271020412445,0.9995414625716472,-0.1905488222837448,,,
110,14,inter_node,6,14,1,3,0.06646663695573807,0.2553274790233906,0.06568172574043274,,,
110,14,inter_node,10,14,2,3,0.292510062456131,0.9996585397772664,0.29166463017463684,,,
110,14,inter_node,3,7,0,1,0.0,1.0,0.0,,,
110,14,inter_node,3,11,0,2,0.5867987871170044,0.775552502445954,0.5859884023666382,,,
110,14,inter_node,3,15,0,3,-0.3167734146118164,0.9977005079336492,-0.3170388638973236,,,
110,14,inter_node,7,11,1,2,0.0,1.0,0.0,,,
110,14,inter_node,7,15,1,3,0.0,1.0,0.0,,,
110,14,inter_node,11,15,2,3,-0.276592493057251,0.9897548776822646,-0.2771328389644623,,,
110,14,cluster_edge,0,15,0,3,-0.19862951338291168,0.9846066545307346,-0.1989891231060028,,,
110,14,cluster_edge,1,14,0,3,-0.09914754331111908,0.9998763058090577,-0.09914150089025497,,,
110,14,cluster_edge,2,13,0,3,-0.3747735917568207,0.9995954623387786,-0.37437620759010315,,,
110,14,cluster_edge,3,12,0,3,-0.5516140460968018,0.9957078283711617,-0.5513888597488403,,,
110,14,global_diversity,-1,-1,-1,-1,0.021463828161358833,0.908639132976532,0.021401401609182358,120,4,
111,14,intra_node,0,1,0,0,0.0,0.0,0.0,,,
111,14,intra_node,0,2,0,0,0.0,1.0,0.0,,,
111,14,intra_node,0,3,0,0,0.0,0.0,0.0,,,
111,14,intra_node,1,2,0,0,0.0,1.0,0.0,,,
111,14,intra_node,1,3,0,0,0.0,0.0,0.0,,,
111,14,intra_node,2,3,0,0,0.0,1.0,0.0,,,
111,14,intra_node,4,5,1,1,-0.33862534165382385,0.9974521526188829,-0.3390713632106781,,,
111,14,intra_node,4,6,1,1,0.5938339829444885,0.5664105400974913,0.5939586758613586,,,
111,14,intra_node,4,7,1,1,-0.48232656717300415,0.8717709779851145,-0.48282966017723083,,,
111,14,intra_node,5,6,1,1,-0.4025419354438782,0.9988952802301074,-0.40207183361053467,,,
111,14,intra_node,5,7,1,1,0.6980316638946533,0.9801304935413032,0.697300910949707,,,
111,14,intra_node,6,7,1,1,-0.5591263175010681,0.944401247600739,-0.5588681101799011,,,
111,14,intra_node,8,9,2,2,0.06767036020755768,0.9323296351502669,0.06768449395895004,,,
111,14,intra_node,8,10,2,2,-0.008198164403438568,0.9986045674811276,-0.008202572353184223,,,
111,14,intra_node,8,11,2,2,0.0,1.0,0.0,,,
111,14,intra_node,9,10,2,2,0.49436163902282715,0.9793789715487556,0.49405989050865173,,,
111,14,intra_node,9,11,2,2,0.0,1.0,0.0,,,
111,14,intra_node,10,11,2,2,0.0,1.0,0.0,,,
111,14,intra_node,12,13,3,3,0.0,1.0,0.0,,,
111,14,intra_node,12,14,3,3,0.0,1.0,0.0,,,
111,14,intra_node,12,15,3,3,0.6403849124908447,0.9834425924268214,0.6400742530822754,,,
111,14,intra_node,13,14,3,3,0.0,0.0,0.0,,,
111,14,intra_node,13,15,3,3,0.0,1.0,0.0,,,
111,14,intra_node,14,15,3,3,0.0,1.0,0.0,,,
111,14,inter_node,0,4,0,1,0.0,1.0,0.0,,,
111,14,inter_node,0,8,0,2,0.0,1.0,0.0,,,
111,14,inter_node,0,12,0,3,0.0,1.0,0.0,,,
111,14,inter_node,4,8,1,2,0.006185917183756828,0.9999843146273714,0.006185923237353563,,,
111,14,inter_node,4,12,1,3,-0.5284377336502075,0.9223016119749108,-0.5289953351020813,,,
111,14,inter_node,8,12,2,3,-0.0039169928058981895,0.9999987812718312,-0.003921288065612316,,,
111,14,inter_node,1,5,0,1,0.0,1.0,0.0,,,
111,14,inter_node,1,9,0,2,0.0,1.0,0.0,,,
111,14,inter_node,1,13,0,3,0.0,0.0,0.0,,,
111,14,inter_node,5,9,1,2,0.4757058620452881,0.9090248222686955,0.4753868579864502,,,
111,14,inter_node,5,13,1,3,0.0,1.0,0.0,,,
111,14,inter_node,9,13,2,3,0.0,1.0,0.0,,,
111,14,inter_node,2,6,0,1,-0.34736621379852295,0.9998134364363224,-0.3469327390193939,,,
111,14,inter_node,2,10,0,2,0.6724473834037781,0.9617208653419543,0.6720999479293823,,,
111,14,inter_node,2,14,0,3,0.0,1.0,0.0,,,
111,14,inter_node,6,10,1,2,-0.5214033126831055,0.9951262335122184,-0.5211036205291748,,,
111,14,inter_node,6,14,1,3,0.0,1.0,0.0,,,
111,14,inter_node,10,14,2,3,0.0,1.0,0.0,,,
111,14,inter_node,3,7,0,1,0.0,1.0,0.0,,,
111,14,inter_node,3,11,0,2,0.0,0.0,0.0,,,
111,14,inter_node,3,15,0,3,0.0,1.0,0.0,,,
111,14,inter_node,7,11,1,2,0.0,1.0,0.0,,,
111,14,inter_node,7,15,1,3,0.6360068321228027,0.3982639936502102,0.6356883645057678,,,
111,14,inter_node,11,15,2,3,0.0,1.0,0.0,,,
111,14,cluster_edge,0,15,0,3,0.0,1.0,0.0,,,
111,14,cluster_edge,1,14,0,3,0.0,0.0,0.0,,,
111,14,cluster_edge,2,13,0,3,0.0,1.0,0.0,,,
111,14,cluster_edge,3,12,0,3,0.0,1.0,0.0,,,
111,14,global_diversity,-1,-1,-1,-1,0.06002185493707657,0.8482798337936401,0.059951018542051315,120,4,
112,14,intra_node,0,1,0,0,0.0,1.0,0.0,,,
112,14,intra_node,0,2,0,0,0.0,1.0,0.0,,,
112,14,intra_node,0,3,0,0,0.0,0.0,0.0,,,
112,14,intra_node,1,2,0,0,0.007702278438955545,0.9653397236796531,0.00760222552344203,,,
112,14,intra_node,1,3,0,0,0.0,1.0,0.0,,,
112,14,intra_node,2,3,0,0,0.0,1.0,0.0,,,
112,14,intra_node,4,5,1,1,0.0,1.0,0.0,,,
112,14,intra_node,4,6,1,1,0.0,1.0,0.0,,,
112,14,intra_node,4,7,1,1,0.0,1.0,0.0,,,
112,14,intra_node,5,6,1,1,0.7047345042228699,0.7332448692973221,0.7048248052597046,,,
112,14,intra_node,5,7,1,1,-0.3860520124435425,0.8984783134167301,-0.3857683837413788,,,
112,14,intra_node,6,7,1,1,-0.4058711528778076,0.9729185692263236,-0.40579459071159363,,,
112,14,intra_node,8,9,2,2,0.710515022277832,0.7015222333372653,0.7104732990264893,,,
112,14,intra_node,8,10,2,2,0.0,1.0,0.0,,,
112,14,intra_node,8,11,2,2,0.0,1.0,0.0,,,
112,14,intra_node,9,10,2,2,0.0,1.0,0.0,,,
112,14,intra_node,9,11,2,2,0.0,1.0,0.0,,,
112,14,intra_node,10,11,2,2,0.0,0.0,0.0,,,
112,14,intra_node,12,13,3,3,0.0,1.0,0.0,,,
112,14,intra_node,12,14,3,3,0.2651471793651581,0.9996908862559098,0.2653120160102844,,,
112,14,intra_node,12,15,3,3,-0.010927122086286545,0.9999847137515465,-0.011190136894583702,,,
112,14,intra_node,13,14,3,3,0.0,1.0,0.0,,,
112,14,intra_node,13,15,3,3,0.0,1.0,0.0,,,
112,14,intra_node,14,15,3,3,0.061814822256565094,0.9505481436986247,0.061984091997146606,,,
112,14,inter_node,0,4,0,1,0.0,0.0,0.0,,,
112,14,inter_node,0,8,0,2,0.0,1.0,0.0,,,
112,14,inter_node,0,12,0,3,0.0,1.0,0.0,,,
112,14,inter_node,4,8,1,2,0.0,1.0,0.0,,,
112,14,inter_node,4,12,1,3,0.0,1.0,0.0,,,
112,14,inter_node,8,12,2,3,0.5252872109413147,0.14040456723574368,0.5251578688621521,,,
112,14,inter_node,1,5,0,1,0.042309802025556564,0.9988844096889964,0.04205097630620003,,,
112,14,inter_node,1,9,0,2,0.025265488773584366,0.9999941170081201,0.025163205340504646,,,
112,14,inter_node,1,13,0,3,0.0,1.0,0.0,,,
112,14,inter_node,5,9,1,2,0.6799108982086182,0.9947265659966081,0.6799252033233643,,,
112,14,inter_node,5,13,1,3,0.0,1.0,0.0,,,
112,14,inter_node,9,13,2,3,0.0,1.0,0.0,,,
112,14,inter_node,2,6,0,1,0.618783712387085,0.8793409416285926,0.6187474727630615,,,
112,14,inter_node,2,10,0,2,0.0,1.0,0.0,,,
112,14,inter_node,2,14,0,3,0.4329792857170105,0.5327404643917818,0.4331222176551819,,,
112,14,inter_node,6,10,1,2,0.0,1.0,0.0,,,
112,14,inter_node,6,14,1,3,0.5011500716209412,0.9436209044184513,0.5012720823287964,,,
112,14,inter_node,10,14,2,3,0.0,1.0,0.0,,,
112,14,inter_node,3,7,0,1,0.0,1.0,0.0,,,
112,14,inter_node,3,11,0,2,0.0,0.0,0.0,,,
112,14,inter_node,3,15,0,3,0.0,1.0,0.0,,,
112,14,inter_node,7,11,1,2,0.0,1.0,0.0,,,
112,14,inter_node,7,15,1,3,0.06346775591373444,0.9999244955916617,0.06379207968711853,,,
112,14,inter_node,11,15,2,3,0.0,1.0,0.0,,,
112,14,cluster_edge,0,15,0,3,0.0,1.0,0.0,,,
112,14,cluster_edge,1,14,0,3,-2.3283064365386963e-10,0.9258222172497119,7.900658965809271e-05,,,
112,14,cluster_edge,2,13,0,3,0.0,1.0,0.0,,,
112,14,cluster_edge,3,12,0,3,0.0,1.0,0.0,,,
112,14,global_diversity,-1,-1,-1,-1,0.0747872069478035,0.8429244160652161,0.07478023320436478,120,4,
113,14,intra_node,0,1,0,0,0.0,0.0,0.0,,,
113,14,intra_node,0,2,0,0,0.0,1.0,0.0,,,
113,14,intra_node,0,3,0,0,0.0,1.0,0.0,,,
113,14,intra_node,1,2,0,0,0.0,1.0,0.0,,,
113,14,intra_node,1,3,0,0,0.0,1.0,0.0,,,
113,14,intra_node,2,3,0,0,-0.507491946220398,0.9999986162925097,-0.5072251558303833,,,
113,14,intra_node,4,5,1,1,0.0,1.0,0.0,,,
113,14,intra_node,4,6,1,1,0.5436146259307861,0.636185676922029,0.5430817008018494,,,
113,14,intra_node,4,7,1,1,-0.43476372957229614,0.9998761622802427,-0.4343932867050171,,,
113,14,intra_node,5,6,1,1,0.0,1.0,0.0,,,
113,14,intra_node,5,7,1,1,0.0,1.0,0.0,,,
113,14,intra_node,6,7,1,1,-0.4074336588382721,0.999954946063815,-0.4069761633872986,,,
113,14,intra_node,8,9,2,2,0.0,1.0,0.0,,,
113,14,intra_node,8,10,2,2,0.0,1.0,0.0,,,
113,14,intra_node,8,11,2,2,0.0,0.0,0.0,,,
113,14,intra_node,9,10,2,2,0.4729239046573639,0.9729647905038363,0.47320762276649475,,,
113,14,intra_node,9,11,2,2,0.0,1.0,0.0,,,
113,14,intra_node,10,11,2,2,0.0,1.0,0.0,,,
113,14,intra_node,12,13,3,3,0.32460618019104004,0.9999602291849046,0.3245914876461029,,,
113,14,intra_node,12,14,3,3,-0.03193116560578346,0.9254939651178268,-0.032087914645671844,,,
113,14,intra_node,12,15,3,3,0.3890736997127533,0.9814263891075691,0.3890586495399475,,,
113,14,intra_node,13,14,3,3,-0.02963377721607685,0.9999970368342632,-0.030384451150894165,,,
113,14,intra_node,13,15,3,3,0.7051901817321777,0.9978587461896473,0.7050902247428894,,,
113,14,intra_node,14,15,3,3,0.00691923126578331,0.9986161538989606,0.006426765117794275,,,
113,14,inter_node,0,4,0,1,0.0,1.0,0.0,,,
113,14,inter_node,0,8,0,2,0.0,0.0,0.0,,,
113,14,inter_node,0,12,0,3,0.0,1.0,0.0,,,
113,14,inter_node,4,8,1,2,0.0,1.0,0.0,,,
113,14,inter_node,4,12,1,3,-0.042002879083156586,0.877109897816016,-0.04187428206205368,,,
113,14,inter_node,8,12,2,3,0.0,1.0,0.0,,,
113,14,inter_node,1,5,0,1,0.0,0.0,0.0,,,
113,14,inter_node,1,9,0,2,0.0,1.0,0.0,,,
113,14,inter_node,1,13,0,3,0.0,1.0,0.0,,,
113,14,inter_node,5,9,1,2,0.0,1.0,0.0,,,
113,14,inter_node,5,13,1,3,0.0,1.0,0.0,,,
113,14,inter_node,9,13,2,3,0.3624475598335266,0.99995496378039,0.36281657218933105,,,
113,14,inter_node,2,6,0,1,0.5930091738700867,0.18685636120723434,0.5926460027694702,,,
113,14,inter_node,2,10,0,2,-0.28264227509498596,0.9130783580405278,-0.2823063135147095,,,
113,14,inter_node,2,14,0,3,0.09939779341220856,0.9795357499982297,0.10024341940879822,,,
113,14,inter_node,6,10,1,2,-0.2323441058397293,0.9293202197672329,-0.23183976113796234,,,
113,14,inter_node,6,14,1,3,0.057524193078279495,0.9748331671976767,0.058743566274642944,,,
113,14,inter_node,10,14,2,3,0.018550198525190353,0.998221213788377,0.018016556277871132,,,
113,14,inter_node,3,7,0,1,0.6310898661613464,0.9750265339972513,0.63091641664505,,,
113,14,inter_node,3,11,0,2,0.0,1.0,0.0,,,
113,14,inter_node,3,15,0,3,0.6159294843673706,0.9999795377997687,0.615798830986023,,,
113,14,inter_node,7,11,1,2,0.0,1.0,0.0,,,
113,14,inter_node,7,15,1,3,0.6498944163322449,0.9991806423574096,0.649773895740509,,,
113,14,inter_node,11,15,2,3,0.0,1.0,0.0,,,
113,14,cluster_edge,0,15,0,3,0.0,1.0,0.0,,,
113,14,cluster_edge,1,14,0,3,0.0,1.0,0.0,,,
113,14,cluster_edge,2,13,0,3,-0.5088158845901489,0.9998552028177659,-0.5085006952285767,,,
113,14,cluster_edge,3,12,0,3,0.247604638338089,0.9999996199430549,0.24756231904029846,,,
113,14,global_diversity,-1,-1,-1,-1,0.05133889988064766,0.8650726079940796,0.05137138068675995,120,4,
114,14,intra_node,0,1,0,0,0.49208593368530273,0.5037450640587684,0.4920213222503662,,,
114,14,intra_node,0,2,0,0,0.5335068702697754,0.9118443220685006,0.5334043502807617,,,
114,14,intra_node,0,3,0,0,0.6292865872383118,0.9947801909201808,0.6293075084686279,,,
114,14,intra_node,1,2,0,0,0.4551045894622803,0.8223580834227933,0.45504510402679443,,,
114,14,intra_node,1,3,0,0,0.5982601046562195,0.9894815976592374,0.598240852355957,,,
114,14,intra_node,2,3,0,0,0.6393716931343079,0.9407887364455951,0.6393594145774841,,,
114,14,intra_node,4,5,1,1,0.0,1.0,0.0,,,
114,14,intra_node,4,6,1,1,0.0,1.0,0.0,,,
114,14,intra_node,4,7,1,1,0.0,0.0,0.0,,,
114,14,intra_node,5,6,1,1,-0.005280595272779465,0.9982398012999459,-0.004956421442329884,,,
114,14,intra_node,5,7,1,1,0.0,1.0,0.0,,,
114,14,intra_node,6,7,1,1,0.0,1.0,0.0,,,
114,14,intra_node,8,9,2,2,0.0,1.0,0.0,,,
114,14,intra_node,8,10,2,2,0.0,0.0,0.0,,,
114,14,intra_node,8,11,2,2,0.0,1.0,0.0,,,
114,14,intra_node,9,10,2,2,0.0,1.0,0.0,,,
114,14,intra_node,9,11,2,2,-0.20470809936523438,0.8972855234009796,-0.2041081190109253,,,
114,14,intra_node,10,11,2,2,0.0,1.0,0.0,,,
114,14,intra_node,12,13,3,3,0.0,0.0,0.0,,,
114,14,intra_node,12,14,3,3,0.0,1.0,0.0,,,
114,14,intra_node,12,15,3,3,0.0,1.0,0.0,,,
114,14,intra_node,13,14,3,3,0.0,1.0,0.0,,,
114,14,intra_node,13,15,3,3,0.0,1.0,0.0,,,
114,14,intra_node,14,15,3,3,-0.2258700430393219,0.8349514078022858,-0.2261747270822525,,,
114,14,inter_node,0,4,0,1,0.0,1.0,0.0,,,
114,14,inter_node,0,8,0,2,0.0,1.0,0.0,,,
114,14,inter_node,0,12,0,3,0.0,1.0,0.0,,,
114,14,inter_node,4,8,1,2,0.0,0.0,0.0,,,
114,14,inter_node,4,12,1,3,0.0,0.0,0.0,,,
114,14,inter_node,8,12,2,3,0.0,0.0,0.0,,,
114,14,inter_node,1,5,0,1,0.09648856520652771,0.995979643160536,0.09641510248184204,,,
114,14,inter_node,1,9,0,2,0.5301603078842163,0.35466328207069253,0.5301151871681213,,,
114,14,inter_node,1,13,0,3,0.0,1.0,0.0,,,
114,14,inter_node,5,9,1,2,-0.004324140027165413,0.9974055161123156,-0.00455202953889966,,,
114,14,inter_node,5,13,1,3,0.0,1.0,0.0,,,
114,14,inter_node,9,13,2,3,0.0,1.0,0.0,,,
114,14,inter_node,2,6,0,1,-0.35603952407836914,0.5942595036204077,-0.35582783818244934,,,
114,14,inter_node,2,10,0,2,0.0,1.0,0.0,,,
114,14,inter_node,2,14,0,3,0.5872666239738464,0.5932590443750599,0.5873701572418213,,,
114,14,inter_node,6,10,1,2,0.0,1.0,0.0,,,
114,14,inter_node,6,14,1,3,-0.32154905796051025,0.002459696353445861,-0.3219030797481537,,,
114,14,inter_node,10,14,2,3,0.0,1.0,0.0,,,
114,14,inter_node,3,7,0,1,0.0,1.0,0.0,,,
114,14,inter_node,3,11,0,2,-0.27201777696609497,0.9983258473273363,-0.2719663381576538,,,
114,14,inter_node,3,15,0,3,-0.40257197618484497,0.9960250281456057,-0.4026399850845337,,,
114,14,inter_node,7,11,1,2,0.0,1.0,0.0,,,
114,14,inter_node,7,15,1,3,0.0,1.0,0.0,,,
114,14,inter_node,11,15,2,3,0.39385366439819336,0.5788265341268055,0.3931785225868225,,,
114,14,cluster_edge,0,15,0,3,-0.1978558748960495,0.23848328672358804,-0.19728344678878784,,,
114,14,cluster_edge,1,14,0,3,0.461745947599411,0.5632553985023033,0.46180155873298645,,,
114,14,cluster_edge,2,13,0,3,0.0,1.0,0.0,,,
114,14,cluster_edge,3,12,0,3,0.0,1.0,0.0,,,
114,14,global_diversity,-1,-1,-1,-1,0.044912271201610565,0.7947599291801453,0.04493260756134987,120,4,
115,14,intra_node,0,1,0,0,0.517170786857605,0.9304901935423444,0.5170184969902039,,,
115,14,intra_node,0,2,0,0,-0.18611377477645874,0.9586783032087873,-0.1858178824186325,,,
115,14,intra_node,0,3,0,0,0.0,1.0,0.0,,,
115,14,intra_node,1,2,0,0,-0.13854040205478668,0.4055270918300538,-0.13838538527488708,,,
115,14,intra_node,1,3,0,0,0.0,1.0,0.0,,,
115,14,intra_node,2,3,0,0,0.0,1.0,0.0,,,
115,14,intra_node,4,5,1,1,-0.35067999362945557,0.9889368874199888,-0.35031548142433167,,,
115,14,intra_node,4,6,1,1,-0.3716030418872833,0.9979129853149681,-0.3716941177845001,,,
115,14,intra_node,4,7,1,1,0.0,1.0,0.0,,,
115,14,intra_node,5,6,1,1,0.5778759717941284,0.8113537514928045,0.57792729139328,,,
115,14,intra_node,5,7,1,1,0.0,1.0,0.0,,,
115,14,intra_node,6,7,1,1,0.0,1.0,0.0,,,
115,14,intra_node,8,9,2,2,0.36338821053504944,0.6549118807357039,0.3628424406051636,,,
115,14,intra_node,8,10,2,2,0.0,1.0,0.0,,,
115,14,intra_node,8,11,2,2,0.5153429508209229,0.9998968737205892,0.514438271522522,,,
115,14,intra_node,9,10,2,2,0.0,1.0,0.0,,,
115,14,intra_node,9,11,2,2,0.3887072205543518,0.9999644123461914,0.3881208002567291,,,
115,14,intra_node,10,11,2,2,0.0,1.0,0.0,,,
115,14,intra_node,12,13,3,3,-0.25411930680274963,0.826419567744819,-0.25429534912109375,,,
115,14,intra_node,12,14,3,3,-0.27719998359680176,0.8758215828843795,-0.2768588066101074,,,
115,14,intra_node,12,15,3,3,-0.2784857749938965,0.7528065181871183,-0.27867698669433594,,,
115,14,intra_node,13,14,3,3,0.529772937297821,0.2846058999722646,0.5300968885421753,,,
115,14,intra_node,13,15,3,3,0.5766036510467529,0.2977952695913868,0.5765830278396606,,,
115,14,intra_node,14,15,3,3,0.561754584312439,0.49764687885411163,0.5620931386947632,,,
115,14,inter_node,0,4,0,1,0.5748543739318848,0.9106115464047796,0.5743497610092163,,,
115,14,inter_node,0,8,0,2,0.4989926517009735,0.9522219125123764,0.49823474884033203,,,
115,14,inter_node,0,12,0,3,0.692564070224762,0.5039230151702611,0.6924668550491333,,,
115,14,inter_node,4,8,1,2,0.4848857522010803,0.4655004582137853,0.48427268862724304,,,
115,14,inter_node,4,12,1,3,0.6109423637390137,0.8198093111981403,0.6107431650161743,,,
115,14,inter_node,8,12,2,3,0.43070003390312195,0.9036881594012636,0.4303482174873352,,,
115,14,inter_node,1,5,0,1,-0.27150678634643555,0.991397157201778,-0.2712905704975128,,,
115,14,inter_node,1,9,0,2,0.3953315019607544,0.7628010896103837,0.39511820673942566,,,
115,14,inter_node,1,13,0,3,-0.25503283739089966,0.1927719677401636,-0.25516819953918457,,,
115,14,inter_node,5,9,1,2,-0.18179240822792053,0.9979594150620086,-0.18142250180244446,,,
115,14,inter_node,5,13,1,3,0.5356019139289856,0.989342735318373,0.5358291864395142,,,
115,14,inter_node,9,13,2,3,-0.14038173854351044,0.8085263903120128,-0.14056862890720367,,,
115,14,inter_node,2,6,0,1,0.3266007602214813,0.999035233472052,0.32659122347831726,,,
115,14,inter_node,2,10,0,2,0.0,1.0,0.0,,,
115,14,inter_node,2,14,0,3,0.4149478077888489,0.32921560874599937,0.4148186445236206,,,
115,14,inter_node,6,10,1,2,0.0,1.0,0.0,,,
115,14,inter_node,6,14,1,3,0.45310866832733154,0.9985617337843172,0.4531748592853546,,,
115,14,inter_node,10,14,2,3,0.0,1.0,0.0,,,
115,14,inter_node,3,7,0,1,0.0,0.0,0.0,,,
115,14,inter_node,3,11,0,2,0.0,1.0,0.0,,,
115,14,inter_node,3,15,0,3,0.0,1.0,0.0,,,
115,14,inter_node,7,11,1,2,0.0,1.0,0.0,,,
115,14,inter_node,7,15,1,3,0.0,1.0,0.0,,,
115,14,inter_node,11,15,2,3,-0.39898890256881714,0.999735316614079,-0.3998284339904785,,,
115,14,cluster_edge,0,15,0,3,-0.2504546046257019,0.8773730028727007,-0.2509143352508545,,,
115,14,cluster_edge,1,14,0,3,-0.2348651885986328,0.11376454801131194,-0.23458318412303925,,,
115,14,cluster_edge,2,13,0,3,0.42077505588531494,0.5201248041061919,0.42088910937309265,,,
115,14,cluster_edge,3,12,0,3,0.0,1.0,0.0,,,
115,14,global_diversity,-1,-1,-1,-1,0.06212066113948822,0.8236628174781799,0.062081478536129,120,4,
116,14,intra_node,0,1,0,0,-0.4929880201816559,0.9985635855448655,-0.4934568703174591,,,
116,14,intra_node,0,2,0,0,0.0,1.0,0.0,,,
116,14,intra_node,0,3,0,0,0.0,1.0,0.0,,,
116,14,intra_node,1,2,0,0,0.0,1.0,0.0,,,
116,14,intra_node,1,3,0,0,0.0,1.0,0.0,,,
116,14,intra_node,2,3,0,0,0.0,0.0,0.0,,,
116,14,intra_node,4,5,1,1,-0.41213610768318176,0.9935521913194183,-0.41164594888687134,,,
116,14,intra_node,4,6,1,1,0.603499174118042,0.9232772489755788,0.6030744910240173,,,
116,14,intra_node,4,7,1,1,0.6749051213264465,0.896735217709552,0.6745781898498535,,,
116,14,intra_node,5,6,1,1,-0.42443540692329407,0.9159596261279869,-0.4237307906150818,,,
116,14,intra_node,5,7,1,1,-0.39839446544647217,0.9375604292425052,-0.39768707752227783,,,
116,14,intra_node,6,7,1,1,0.5759588479995728,0.25702887932667456,0.5751696825027466,,,
116,14,intra_node,8,9,2,2,0.0,1.0,0.0,,,
116,14,intra_node,8,10,2,2,-0.29848533868789673,0.44120678538844676,-0.29874107241630554,,,
116,14,intra_node,8,11,2,2,0.4794212579727173,0.9983966940790266,0.47893014550209045,,,
116,14,intra_node,9,10,2,2,0.0,1.0,0.0,,,
116,14,intra_node,9,11,2,2,0.0,1.0,0.0,,,
116,14,intra_node,10,11,2,2,-0.39070141315460205,0.9991040835304136,-0.3908858001232147,,,
116,14,intra_node,12,13,3,3,0.0,1.0,0.0,,,
116,14,intra_node,12,14,3,3,0.0,1.0,0.0,,,
116,14,intra_node,12,15,3,3,0.0,1.0,0.0,,,
116,14,intra_node,13,14,3,3,0.49111855030059814,0.9969861962054067,0.49137020111083984,,,
116,14,intra_node,13,15,3,3,-0.6655529141426086,0.7103748244698727,-0.6652640700340271,,,
116,14,intra_node,14,15,3,3,-0.4944617748260498,0.9895941235457973,-0.49505892395973206,,,
116,14,inter_node,0,4,0,1,0.7246759533882141,0.36914849345145634,0.7244163155555725,,,
116,14,inter_node,0,8,0,2,0.5465769171714783,0.9097902300066502,0.5458755493164062,,,
116,14,inter_node,0,12,0,3,0.0,1.0,0.0,,,
116,14,inter_node,4,8,1,2,0.4770297706127167,0.8570031630947555,0.4765046238899231,,,
116,14,inter_node,4,12,1,3,0.0,1.0,0.0,,,
116,14,inter_node,8,12,2,3,0.0,1.0,0.0,,,
116,14,inter_node,1,5,0,1,0.38360047340393066,0.859461676370956,0.3837718367576599,,,
116,14,inter_node,1,9,0,2,0.0,1.0,0.0,,,
116,14,inter_node,1,13,0,3,0.6627947688102722,0.23231798519736185,0.6630324125289917,,,
116,14,inter_node,5,9,1,2,0.0,1.0,0.0,,,
116,14,inter_node,5,13,1,3,0.4163779616355896,0.8921112565594703,0.41592642664909363,,,
116,14,inter_node,9,13,2,3,0.0,1.0,0.0,,,
116,14,inter_node,2,6,0,1,0.0,1.0,0.0,,,
116,14,inter_node,2,10,0,2,0.0,1.0,0.0,,,
116,14,inter_node,2,14,0,3,0.0,1.0,0.0,,,
116,14,inter_node,6,10,1,2,-0.3545282185077667,0.993869417775616,-0.35494744777679443,,,
116,14,inter_node,6,14,1,3,-0.413137286901474,0.667607768918947,-0.4136792719364166,,,
116,14,inter_node,10,14,2,3,0.5295608639717102,0.9815561807673867,0.5295583605766296,,,
116,14,inter_node,3,7,0,1,0.0,1.0,0.0,,,
116,14,inter_node,3,11,0,2,0.0,1.0,0.0,,,
116,14,inter_node,3,15,0,3,0.0,1.0,0.0,,,
116,14,inter_node,7,11,1,2,0.6755024790763855,0.8914230265453789,0.6752083897590637,,,
116,14,inter_node,7,15,1,3,0.6132349371910095,0.976740534321087,0.6125319600105286,,,
116,14,inter_node,11,15,2,3,0.6815089583396912,0.7857790198155216,0.6812269687652588,,,
116,14,cluster_edge,0,15,0,3,0.6795826554298401,0.996192632284155,0.6789819598197937,,,
116,14,cluster_edge,1,14,0,3,0.5090140104293823,0.9960741508378725,0.5090160965919495,,,
116,14,cluster_edge,2,13,0,3,0.0,1.0,0.0,,,
116,14,cluster_edge,3,12,0,3,0.0,0.0,0.0,,,
116,14,global_diversity,-1,-1,-1,-1,0.020120080560445786,0.8844667077064514,0.020036419853568077,120,4,
117,14,intra_node,0,1,0,0,0.0,1.0,0.0,,,
117,14,intra_node,0,2,0,0,-0.5588029026985168,0.9366497198368872,-0.5591280460357666,,,
117,14,intra_node,0,3,0,0,0.6727686524391174,0.988620142531583,0.6727685332298279,,,
117,14,intra_node,1,2,0,0,0.0,1.0,0.0,,,
117,14,intra_node,1,3,0,0,0.0,1.0,0.0,,,
117,14,intra_node,2,3,0,0,-0.47611403465270996,0.9992790828411595,-0.47637486457824707,,,
117,14,intra_node,4,5,1,1,0.09546631574630737,0.9996480504745924,0.09524712711572647,,,
117,14,intra_node,4,6,1,1,-0.09280972927808762,0.9975249529210455,-0.09310555458068848,,,
117,14,intra_node,4,7,1,1,-0.47563594579696655,0.9557389582455428,-0.4757741689682007,,,
117,14,intra_node,5,6,1,1,-0.06463596224784851,0.8578008764357571,-0.06472977995872498,,,
117,14,intra_node,5,7,1,1,-0.058517806231975555,0.9999844223473605,-0.05850592255592346,,,
117,14,intra_node,6,7,1,1,0.30497199296951294,0.9998904518378942,0.3049984872341156,,,
117,14,intra_node,8,9,2,2,0.1348172277212143,0.9993386545540159,0.1347326636314392,,,
117,14,intra_node,8,10,2,2,0.09877417981624603,0.9585392381185701,0.09863431751728058,,,
117,14,intra_node,8,11,2,2,0.09522975236177444,0.9993635126141801,0.09508907049894333,,,
117,14,intra_node,9,10,2,2,0.6017100811004639,0.9840488834268069,0.6014585494995117,,,
117,14,intra_node,9,11,2,2,0.605826735496521,0.037587104160426224,0.6055730581283569,,,
117,14,intra_node,10,11,2,2,0.5806101560592651,0.9846484397069185,0.579791784286499,,,
117,14,intra_node,12,13,3,3,-0.28257861733436584,0.9977581255246061,-0.28241169452667236,,,
117,14,intra_node,12,14,3,3,-0.04934767633676529,0.9772241481679566,-0.04954099282622337,,,
117,14,intra_node,12,15,3,3,0.5520343780517578,0.783121971444931,0.5520012974739075,,,
117,14,intra_node,13,14,3,3,0.04458441585302353,0.9999489393991224,0.0452638640999794,,,
117,14,intra_node,13,15,3,3,-0.39370492100715637,0.9896629709780643,-0.393692284822464,,,
117,14,intra_node,14,15,3,3,0.02428627572953701,0.9950604181560041,0.02415309101343155,,,
117,14,inter_node,0,4,0,1,-0.4221908748149872,0.4742016973759089,-0.4222908616065979,,,
117,14,inter_node,0,8,0,2,-0.044610396027565,0.9998373280558713,-0.04459913820028305,,,
117,14,inter_node,0,12,0,3,0.49129873514175415,0.9957568420344427,0.49130573868751526,,,
117,14,inter_node,4,8,1,2,0.11564476788043976,0.9996906191151307,0.11554282903671265,,,
117,14,inter_node,4,12,1,3,-0.19649818539619446,0.9919300653037847,-0.19630366563796997,,,
117,14,inter_node,8,12,2,3,0.03157203644514084,0.9616625293121136,0.03162937983870506,,,
117,14,inter_node,1,5,0,1,0.0,1.0,0.0,,,
117,14,inter_node,1,9,0,2,0.0,1.0,0.0,,,
117,14,inter_node,1,13,0,3,0.0,1.0,0.0,,,
117,14,inter_node,5,9,1,2,0.10107029229402542,0.9992476580576629,0.10088739544153214,,,
117,14,inter_node,5,13,1,3,0.09281160682439804,0.9999022263887701,0.0925387442111969,,,
117,14,inter_node,9,13,2,3,0.5189493894577026,0.8700409936921177,0.5186085104942322,,,
117,14,inter_node,2,6,0,1,-0.2399778962135315,0.9999175574941181,-0.2405194640159607,,,
117,14,inter_node,2,10,0,2,0.6344822645187378,0.9997514441904204,0.633870542049408,,,
117,14,inter_node,2,14,0,3,0.014356719329953194,0.9999938777315478,0.015057825483381748,,,
117,14,inter_node,6,10,1,2,-0.07469034940004349,0.668313904948561,-0.07519187778234482,,,
117,14,inter_node,6,14,1,3,-0.04950737953186035,0.9257389330093442,-0.04934815689921379,,,
117,14,inter_node,10,14,2,3,0.014368293806910515,0.9753686366755161,0.015199029818177223,,,
117,14,inter_node,3,7,0,1,0.5191314816474915,0.9990420578688527,0.5191313624382019,,,
117,14,inter_node,3,11,0,2,-0.4158504605293274,0.9554739708197731,-0.4161441922187805,,,
117,14,inter_node,3,15,0,3,0.6337346434593201,0.4183480622164874,0.6337414383888245,,,
117,14,inter_node,7,11,1,2,-0.4510372281074524,0.9784857947410963,-0.4513973593711853,,,
117,14,inter_node,7,15,1,3,0.5717576146125793,0.9983530663805613,0.5717623233795166,,,
117,14,inter_node,11,15,2,3,-0.36188191175460815,0.9234490142852422,-0.3618994951248169,,,
117,14,cluster_edge,0,15,0,3,0.5937193036079407,0.9804352797107805,0.593720018863678,,,
117,14,cluster_edge,1,14,0,3,0.0,1.0,0.0,,,
117,14,cluster_edge,2,13,0,3,0.6496330499649048,0.8800979944039176,0.6491596698760986,,,
117,14,cluster_edge,3,12,0,3,0.6090638637542725,0.6271343487971156,0.6090804934501648,,,
117,14,global_diversity,-1,-1,-1,-1,0.04757305607199669,0.900874674320221,0.04749548062682152,120,4,
118,14,intra_node,0,1,0,0,0.34298714995384216,0.11446017076732899,0.3429841101169586,,,
118,14,intra_node,0,2,0,0,0.35593292117118835,0.9958772352945947,0.35593608021736145,,,
118,14,intra_node,0,3,0,0,0.0,1.0,0.0,,,
118,14,intra_node,1,2,0,0,0.4981914758682251,0.9963491276468089,0.4981720745563507,,,
118,14,intra_node,1,3,0,0,0.0,1.0,0.0,,,
118,14,intra_node,2,3,0,0,0.0,1.0,0.0,,,
118,14,intra_node,4,5,1,1,0.0,1.0,0.0,,,
118,14,intra_node,4,6,1,1,0.0,0.0,0.0,,,
118,14,intra_node,4,7,1,1,0.0,1.0,0.0,,,
118,14,intra_node,5,6,1,1,0.0,1.0,0.0,,,
118,14,intra_node,5,7,1,1,0.353412389755249,0.9679296021193914,0.35475343465805054,,,
118,14,intra_node,6,7,1,1,0.0,1.0,0.0,,,
118,14,intra_node,8,9,2,2,0.0,0.0,0.0,,,
118,14,intra_node,8,10,2,2,0.0,0.0,0.0,,,
118,14,intra_node,8,11,2,2,0.0,1.0,0.0,,,
118,14,intra_node,9,10,2,2,0.0,0.0,0.0,,,
118,14,intra_node,9,11,2,2,0.0,1.0,0.0,,,
118,14,intra_node,10,11,2,2,0.0,1.0,0.0,,,
118,14,intra_node,12,13,3,3,0.6446431875228882,0.6736292048679625,0.6436834335327148,,,
118,14,intra_node,12,14,3,3,0.0,1.0,0.0,,,
118,14,intra_node,12,15,3,3,0.0,1.0,0.0,,,
118,14,intra_node,13,14,3,3,0.0,1.0,0.0,,,
118,14,intra_node,13,15,3,3,0.0,1.0,0.0,,,
118,14,intra_node,14,15,3,3,0.0,0.0,0.0,,,
118,14,inter_node,0,4,0,1,0.0,1.0,0.0,,,
118,14,inter_node,0,8,0,2,0.0,1.0,0.0,,,
118,14,inter_node,0,12,0,3,-0.11733965575695038,0.2645495067360499,-0.11755269765853882,,,
118,14,inter_node,4,8,1,2,0.0,0.0,0.0,,,
118,14,inter_node,4,12,1,3,0.0,1.0,0.0,,,
118,14,inter_node,8,12,2,3,0.0,1.0,0.0,,,
118,14,inter_node,1,5,0,1,0.4935896694660187,0.9312007945721817,0.4941462576389313,,,
118,14,inter_node,1,9,0,2,0.0,1.0,0.0,,,
118,14,inter_node,1,13,0,3,-0.15185177326202393,0.7874442624194611,-0.15227973461151123,,,
118,14,inter_node,5,9,1,2,0.0,1.0,0.0,,,
118,14,inter_node,5,13,1,3,-0.28584417700767517,0.6763239317322606,-0.28448882699012756,,,
118,14,inter_node,9,13,2,3,0.0,1.0,0.0,,,
118,14,inter_node,2,6,0,1,0.0,1.0,0.0,,,
118,14,inter_node,2,10,0,2,0.0,1.0,0.0,,,
118,14,inter_node,2,14,0,3,0.0,1.0,0.0,,,
118,14,inter_node,6,10,1,2,0.0,0.0,0.0,,,
118,14,inter_node,6,14,1,3,0.0,0.0,0.0,,,
118,14,inter_node,10,14,2,3,0.0,0.0,0.0,,,
118,14,inter_node,3,7,0,1,0.0,1.0,0.0,,,
118,14,inter_node,3,11,0,2,0.0,1.0,0.0,,,
118,14,inter_node,3,15,0,3,0.0,0.0,0.0,,,
118,14,inter_node,7,11,1,2,-0.19784677028656006,0.9998357754807377,-0.198438823223114,,,
118,14,inter_node,7,15,1,3,0.0,1.0,0.0,,,
118,14,inter_node,11,15,2,3,0.0,1.0,0.0,,,
118,14,cluster_edge,0,15,0,3,0.0,1.0,0.0,,,
118,14,cluster_edge,1,14,0,3,0.0,1.0,0.0,,,
118,14,cluster_edge,2,13,0,3,-0.35653722286224365,0.9828239294090675,-0.3573392629623413,,,
118,14,cluster_edge,3,12,0,3,0.0,1.0,0.0,,,
118,14,global_diversity,-1,-1,-1,-1,0.017137832939624786,0.723910391330719,0.01712113432586193,120,4,
